5000
417423 928533
341933 467715
484517 950406
178593 396352
753228 90394
734357 826736
669367 665759
353708 539824
728170 190773
947640 300491
998181 886935
743899 683871
524018 267507
121671 804648
519358 304977
992532 905010
254603 984586
596554 13418
921822 656345
906263 537283
806470 325736
583625 957860
25483 630454
255762 612903
956213 925401
493287 598063
841604 684594
410657 358159
848895 168356
763558 957998
877828 93227
164553 60833
769790 661691
709558 831825
338937 412581
500492 985817
992859 695151
813745 97104
625912 858757
716031 740762
760664 776393
473527 785176
929731 196741
166908 455908
778558 83543
811498 310396
912547 378870
487596 246376
210544 472710
84023 741605
1657 213796
542850 617371
527890 420175
42590 183635
345427 472904
540267 960786
322898 512462
347377 442109
288945 638843
882137 350876
842429 720753
922234 515276
183506 844296
742350 197559
30768 313092
540906 805424
12476 232153
926268 878671
362868 71536
861601 279051
22213 567434
124755 588646
919277 947558
262084 514634
699459 875252
678424 373005
235747 779730
700466 82131
560861 910076
612737 216978
264143 777048
369458 787408
510236 884865
148691 116108
747276 251404
136707 165086
911929 805379
565030 165664
739859 323591
826388 800545
243234 950764
108388 563589
947045 272737
724150 427146
992476 3965
744359 577592
232321 923277
994032 734986
131532 205230
817188 649161
947828 143430
499818 47649
394570 763412
587182 463542
435670 909384
860205 17190
381805 911969
135167 995436
18232 873615
414185 451615
201533 379389
287284 589366
709959 89768
490394 317509
904994 661955
743693 177504
71379 493180
423791 121005
436789 955672
865722 360878
540383 129346
429148 827388
871536 40370
608145 231341
43858 292187
79356 404187
792542 419929
905159 637499
597673 770636
308944 38740
369278 60401
436668 312500
671058 974027
907166 747691
617553 691348
882417 926911
244297 953926
166206 646372
250250 885774
268271 858478
41540 250623
493927 473123
201077 508813
33529 40646
323452 842989
765779 13807
738042 139960
91582 328927
696186 936245
492368 386923
157244 283729
630379 920751
340723 193436
941750 943825
614543 83717
297689 652688
198063 975475
661556 507383
758151 788326
591995 773883
779491 361805
671939 380733
550012 788252
816257 827521
843206 48782
369877 949192
660599 96907
391179 309654
355278 399332
641617 622899
97145 319093
674296 955260
193924 168457
652786 499620
316271 45900
844221 706116
85022 266722
334959 449239
816502 222436
136887 623634
495227 545242
629595 589021
823979 636247
573937 302764
332531 450978
555736 812035
613184 810158
625511 945998
454879 195820
528662 144075
494945 959908
362060 936720
518643 478558
892306 159299
617741 808151
910792 478041
295122 38800
983569 617295
657724 717792
49258 18804
902173 424912
419686 755005
98442 467421
838977 466772
539501 191312
956817 395908
87126 587531
47000 331315
643117 558404
41006 889397
806403 847328
6271 645572
623182 864783
513335 235240
15960 722761
600716 545732
152886 120768
415898 803444
944747 442218
263137 800427
338429 466918
764409 407325
484505 1824
679232 68659
414962 767751
443892 413472
612901 179381
373482 191903
881781 345142
866865 940226
404697 829638
35797 582114
577923 918220
646683 413170
812531 938671
672872 672011
923405 611443
267889 445824
394039 228374
419240 895136
457406 876662
429214 923241
269839 998834
859820 63976
284877 794041
195322 75316
808452 942048
154165 380602
585382 542659
359027 305776
55032 738555
121077 119925
867456 910153
120576 750508
215598 691621
735225 899903
293075 573450
820624 249095
724278 240363
448110 255559
81120 176821
562547 440570
651667 480557
260270 567656
340386 991804
227482 511035
369774 252601
195980 41796
743975 943469
149777 76872
567522 402472
203050 125217
732746 783267
853372 93900
289430 664694
433225 557129
845298 704124
464459 510872
924837 540320
73386 616096
197928 68703
217744 879736
412155 470891
289999 447100
33649 334596
504419 827718
850795 625741
982127 881445
498527 443631
255384 298071
112610 933767
212386 437238
692836 737303
364044 69442
816833 475367
280926 351553
698792 264520
320218 299724
219959 473271
755288 694559
62277 609293
555385 875852
622075 306906
50012 174317
926772 618334
24484 736981
305269 527976
77024 876468
212418 244195
686101 629860
903245 43048
87524 935376
915086 12468
4422 448017
287069 68639
467177 345684
170228 649270
738378 630936
985932 773660
684187 559319
500690 902303
852956 287738
285894 669308
693890 462452
308873 266935
673219 34507
788321 311950
883715 229836
397205 653846
762927 765669
132665 338256
688084 781304
72778 68698
798458 317436
999555 899925
457106 602545
240443 676168
534204 593193
926342 631275
936163 514620
564120 997758
340930 571583
207768 232965
810715 404665
813121 221261
356219 787751
548330 289156
14799 290343
401916 841073
845603 62504
740535 415558
290569 251941
760741 320780
886269 696316
706537 504493
95625 619355
653617 644515
307625 347578
532330 65342
106516 910999
810590 482676
973766 153801
694489 483171
474543 938614
169894 987842
330104 642715
576658 34960
832972 715288
573918 362392
831611 472404
364313 554797
566089 62331
970200 302583
336739 66439
770573 362314
387875 621107
699564 955793
797198 532208
10837 273851
474153 115503
823016 699296
65841 400736
35169 710200
913120 712689
226924 331308
876649 12282
433586 111313
733806 125133
7480 888617
382030 596430
22378 980930
224738 592080
612948 287249
840853 222638
871776 737983
146010 540016
952796 835366
448242 531891
239720 945801
805648 120809
169178 337153
134323 353520
256574 823903
190313 524177
906750 312788
433615 951945
674172 273116
425111 990295
151882 881847
96901 633741
825245 231491
392734 123604
204878 167434
303069 351769
81552 738439
682207 365776
193045 365707
480633 579991
732343 729539
587210 432282
687456 769226
606815 822743
489721 630912
453282 733690
178764 498035
141424 12128
916299 361711
864533 62895
442352 121327
594186 472973
271100 985729
522127 93878
264396 66161
713085 671461
318980 864025
538759 741656
427825 982081
160010 973909
230101 602048
665416 955117
933242 577547
635126 489246
995005 139886
846326 954635
940696 589927
745557 327368
138489 965593
114118 941902
561816 795046
672755 545782
308110 385035
921025 570813
726860 786258
843832 11120
892935 892821
660381 466914
938695 718152
805909 810649
154878 610560
678967 835510
501882 930799
883284 533480
183944 670682
407360 952099
30040 49394
786783 578986
312707 671080
205527 866047
412773 722753
384082 936821
869129 912928
206479 100692
613476 786501
504836 196474
103032 516666
438196 161069
218989 651310
387109 478309
733270 618376
89065 358608
99085 522144
534719 654248
156430 219221
839961 396580
248771 425942
421420 925603
216760 723554
758030 179561
353916 158401
889266 46389
594046 576143
869320 645736
470349 921415
303271 969190
302425 627666
620658 590816
242539 114306
535274 737932
378040 345967
489614 817201
438650 592362
342118 905312
291294 969183
5934 442116
151268 864355
599096 2705
527080 529964
126164 209353
944721 559787
774008 862174
360054 65988
832107 834478
59866 941006
555421 428404
476562 804238
799489 775268
839124 799409
943225 592423
898178 791879
720011 310391
480533 213172
439329 190079
754013 42488
431678 797576
525525 739563
136492 406784
64143 100794
247522 460391
31042 908072
507140 245702
318498 217986
762332 93951
139040 935456
822654 146599
543274 130725
372392 517956
207806 390981
111793 402404
760199 309183
485307 570743
261381 935676
286518 604276
220212 199950
886207 659799
564060 14590
619573 391403
455928 468131
782767 245728
781399 749078
991242 88212
157035 191336
360582 711812
403819 537822
155194 466242
557154 995455
510136 913841
299817 942002
144974 927769
962134 271863
39350 338707
813327 105949
529904 38237
906361 805924
157327 394157
436158 388258
317042 104074
582865 658804
569727 430405
448982 308328
57551 63999
512504 860100
331215 626390
738306 258528
222534 199957
123945 266840
789619 73919
31429 620424
300314 518774
349299 288546
489994 915709
160349 177277
44276 926290
228179 906274
208563 206127
569160 73983
364925 567002
725086 73237
443993 256908
50825 683266
38534 937648
253767 319422
737372 223292
131436 567697
928589 503904
366521 384907
697599 181541
515835 161120
585147 471486
589355 219557
228166 188382
396237 974131
237195 322467
122053 185126
863036 133709
99395 987913
472713 507755
720665 193950
79193 245244
233769 822456
897115 867904
796572 376470
394608 867980
788277 837801
704632 204364
184384 223389
312254 902802
423567 449572
278987 770801
340245 388844
160483 876777
484748 377174
611501 869093
419218 698062
335720 933854
5301 994790
773357 563151
908887 442788
950966 962564
583092 49179
632726 109123
903289 123724
485281 469969
498093 354570
930653 444375
1807 296611
437843 799549
66085 946953
902161 605735
428877 772870
717664 348147
370853 484450
974410 580006
230402 280804
58271 279287
488417 844729
211888 558626
713172 498660
868582 557607
192308 401121
397959 709945
340040 985777
93225 814523
816617 905019
549184 746163
909997 712527
356695 902964
689858 867777
110705 829330
10489 161733
70611 961462
726396 266479
980223 433104
995513 74318
148623 830895
163407 283648
453362 115820
926522 473638
924499 897672
240913 411419
294072 740050
810663 638295
643626 400938
408574 146816
377663 132534
690085 257563
889601 809986
316997 523533
407497 383660
35291 956804
888034 154340
741448 758548
980966 673970
808432 81076
599528 547333
285021 250996
917836 404259
679885 92339
813275 28203
128429 269618
190871 407737
463173 853557
257113 896115
181954 213525
843764 311129
175322 748880
182205 877971
185815 38992
217497 235675
193029 416242
758472 94146
797661 975009
526437 734257
253542 663238
424953 826391
846984 386663
195482 121606
88536 149419
2443 209223
892116 818068
753849 323488
741336 984167
593150 911122
804335 583320
521498 959803
805680 544906
726054 103377
429624 418503
354363 471160
493263 270146
668318 729230
66744 507871
795252 371515
329633 179114
331067 776296
505057 51256
222603 217360
155669 268092
3726 360857
868320 180812
554388 731101
450932 790381
2748 486904
529787 153457
629645 595253
321734 126111
662476 348683
382321 733920
888955 717160
87915 444008
320973 909347
392194 69339
415468 451388
576710 401705
933505 370350
121407 52686
272712 239630
151893 54444
916785 837953
530737 497765
514928 52668
85287 739799
189094 152758
676186 152721
957363 924871
468997 721506
54852 793249
452166 663858
314164 690026
829489 46412
70916 821332
313717 117707
442784 864484
754224 715179
402117 581985
264277 87681
274117 613787
557038 613599
848818 659987
113014 995320
683108 235566
495474 471334
693837 789000
448241 543790
865240 599506
119587 323011
698058 423868
330384 75838
108153 960871
119145 641763
680161 579102
941008 247198
377416 608716
291984 92782
579341 962938
310464 329868
277509 252866
344252 734337
520728 909609
841017 420317
199448 33763
919498 352829
608137 191211
663169 39343
892746 405181
191595 40625
747751 127579
37745 370780
429486 295867
355532 335032
640485 741149
434967 125908
580671 215416
841738 450882
854957 731930
829131 805469
540771 955724
405384 701329
212606 467900
918147 265148
681191 798132
461984 153762
331298 487346
781603 986283
30913 610762
986115 368192
428736 472807
700998 962580
229800 405242
62913 876340
569025 759556
168297 953960
122603 883700
426400 907622
825519 67545
538764 682224
666021 623840
653483 200622
720530 176998
484194 484936
345808 372691
378747 952263
760883 650861
9577 144406
212940 416961
187515 164095
407589 721011
800628 357168
108225 58404
40878 838903
245565 854352
647618 90503
245890 131030
552193 914351
725666 190632
522890 101504
503843 245334
191511 215241
904786 854602
213153 269264
836247 450471
381118 575246
524024 794281
307524 44682
600628 425927
305443 669975
831677 13783
904877 908412
150677 424467
849290 459305
195262 173016
777044 973740
15721 969509
79650 804939
94176 991919
279000 741560
853939 52123
192839 499416
717889 687188
156482 295333
192600 158882
74827 941796
618253 434693
986366 71853
107161 946884
104922 811914
810613 611402
393963 542587
867210 653882
80701 332439
17179 326572
766152 376742
163458 432232
836556 772045
835302 628947
561452 166896
875050 269654
424368 685494
70504 101500
325957 262344
523819 823871
26094 850107
20527 486568
84584 563508
524684 544642
72761 150687
572534 737920
364697 961403
523790 976144
4629 844731
186558 912058
556082 185615
174010 952568
208793 903388
808672 847007
223016 505319
34944 728804
647401 40763
811779 509756
604975 88582
991155 893186
550541 963201
726424 653392
339360 434039
762828 729992
722163 465672
414496 935831
34007 366476
394071 756967
445725 695098
71563 329066
94125 777423
199247 176535
574613 836987
377091 211105
889076 763606
986330 11506
317307 465619
311419 225858
554033 633442
234036 907004
510184 558241
846857 676369
61379 98741
268345 107194
215475 592347
633798 386400
987264 302130
671568 865447
886241 413910
210171 145540
815399 942562
93158 498510
792742 868214
59217 58477
385994 449833
494493 67123
321116 116643
999131 778608
316575 670116
20530 653485
822318 97621
957179 948687
837388 596986
627229 957866
6525 969475
263849 507103
162024 877677
827397 602352
482406 530835
943919 391044
388300 692010
333150 600648
721361 741196
577451 622282
715162 177164
2296 190680
504883 200194
273333 41219
301745 20883
84985 640945
393445 604175
73726 985407
327316 155773
7170 443057
205101 477435
342020 993828
854889 222600
928651 837512
197717 51272
129076 380045
803496 959317
322742 178527
558139 949174
276030 288707
522678 403366
594716 146300
165502 201333
386593 144824
451703 87330
823084 450488
134085 15176
232622 67567
310701 801947
264626 214756
265921 22271
437727 133848
524746 454560
312063 880403
363457 131946
647798 567772
476317 822674
651659 805620
570909 597821
836912 217940
56302 814501
249152 355280
7645 190213
430215 97679
652135 486187
190765 770360
697163 126342
703926 824894
155807 264389
463082 578256
729319 150322
409105 631363
907859 756610
960538 600332
154680 377551
307528 400113
103887 541994
129929 979906
517227 669748
288147 523785
642844 342410
838804 307891
17066 459240
679991 167486
708799 662610
439503 249880
546935 131274
631748 422999
430940 101475
199920 617439
540480 493913
844079 628048
602081 562047
252622 22833
407647 110536
698087 432340
671621 196521
258654 476614
156924 215118
888379 134347
214988 681642
967186 552406
314035 253678
955594 750632
292046 15344
214585 608452
129066 776885
142807 498794
213530 35976
825057 147878
556087 275649
731578 321356
102136 963576
316069 327458
900219 717915
694420 697619
223050 196936
390152 593547
137373 226732
138093 140665
112174 136372
692287 589013
956640 757864
388929 38959
919119 357752
364262 746765
764761 312631
831542 110951
959810 749604
266048 79659
415714 687814
355892 777384
23238 749341
786614 698524
627460 487690
425117 250452
102127 512339
291679 132694
355690 64924
576871 544746
236387 61088
516777 480890
683310 685121
55098 580029
41846 600828
115389 143166
77706 109523
69976 893617
713566 492506
704188 147526
709919 59735
318296 86394
306452 61831
787885 548122
721958 118054
662751 319749
851418 840317
199390 921060
303949 640874
265984 731501
452136 949937
207901 319045
177328 702755
683337 403473
756178 324247
767610 879518
478045 529562
507422 933207
619574 687558
594604 266357
410790 366186
26240 599354
891931 452848
414724 450145
324275 49338
963817 413515
358827 274176
732602 380030
301902 325782
518192 688066
727233 476365
586707 971295
362421 473647
18848 754933
794917 440450
351192 690697
534094 63833
901627 919892
373084 63889
15374 580386
983359 760344
730835 745572
192477 684868
407326 948496
172300 108077
29586 884583
962255 845135
9977 781856
153033 565025
121669 129713
235960 407703
150980 690448
746509 797512
390745 270592
75308 39907
219894 458025
790363 120769
756997 395131
160084 879249
276042 264317
788163 806518
123889 589604
636220 699585
913001 688410
39352 634138
471271 519968
527129 549908
67815 595119
321459 832389
433550 373926
733508 127990
407107 536896
604470 160130
881451 578443
102610 23715
301258 992302
12522 653750
461713 219566
610512 279609
272259 763653
294446 832148
960864 461948
443710 949468
46871 34347
239531 784303
229819 918738
238929 409327
944443 406217
716719 382105
914664 635183
463209 113506
903922 492568
754666 586499
683559 867560
713789 883873
111590 836534
565064 56384
432758 842567
321118 627868
599890 143598
203991 365330
384168 958830
782969 382663
956447 413092
209992 181724
54585 375074
438243 300017
540897 69536
154336 923147
289733 315919
480032 567674
450157 900121
278937 579701
184768 919633
474417 681309
834063 276737
17091 847800
997086 214407
443340 517318
860150 490183
929064 311737
179262 543940
77099 99357
345449 624196
437076 937909
563566 882664
129504 253958
648740 810258
973132 348496
362819 206900
465131 455788
621483 937202
54581 279553
628539 263853
23513 633932
659463 873710
102040 396989
296692 268505
869903 432628
235457 920776
522262 959861
676878 89031
699968 141265
792218 349870
274855 792765
139616 214579
396022 505719
455986 323253
651848 234708
487351 273046
140781 949355
590475 819400
999122 308281
857814 224135
373260 192017
689821 239469
259447 4446
462202 694795
838692 922038
261414 640225
311462 106666
893561 186298
961227 664349
184054 783829
458882 549883
964883 931653
536501 444307
137142 212690
62115 27913
758718 219985
694733 695822
732198 890656
352366 696098
220031 548456
873315 45448
544805 242752
372368 976309
487062 612695
168121 644208
5186 879605
935050 436120
255686 710221
774637 9162
818588 194852
220487 496225
890676 467315
933865 718541
167529 544890
532130 219731
429714 688653
248054 432360
207604 350514
477020 724947
726296 362874
972588 530793
476312 885120
633363 9884
704781 67624
187681 904024
978217 97942
458083 97781
715189 16805
639489 83498
136628 969193
602609 773422
964775 137642
900141 381405
70628 308476
613027 629832
335530 503378
834359 671018
488301 343324
38358 973009
245105 428450
602249 48444
880230 107197
136384 212496
1493 988747
399308 95094
802783 260062
596135 229056
655078 591412
972321 360632
845870 857407
475675 305224
920304 691232
332576 98348
841854 60111
998150 548949
594858 865039
458539 568905
987423 876675
349587 671134
919019 659400
289030 532761
533896 228632
877802 275762
577185 858097
163230 406561
435421 97640
512373 499124
732573 348345
65724 790869
56876 811187
652839 328890
492288 775062
459813 739043
785595 200594
719372 77799
857272 635676
341588 219161
135668 435212
480717 72676
274044 949989
443065 482312
858020 964649
789190 30560
957572 707221
823259 393413
347172 79513
865448 841234
481356 791002
648728 534859
194816 118607
284634 299584
235831 697353
869095 361405
24292 941493
555755 867744
992410 198500
918227 254142
576037 614508
8113 883928
334398 923760
678234 908748
993856 60958
522873 345671
552728 745513
897481 316387
56336 602786
838722 645087
286761 592453
854450 675905
198449 590551
32576 912232
933107 988003
208774 682479
220888 98657
41032 973067
410638 325442
325993 583521
141821 272856
470270 792190
677426 838426
105930 171889
3286 832019
619572 896429
280294 763494
553013 464221
261908 618721
103686 478294
541618 140996
914097 276637
728366 612889
131728 556272
667610 90673
428174 157330
769968 799007
965746 799103
111860 641191
393186 588297
415285 410979
869128 187785
516248 438263
709632 376991
617784 923403
73831 238395
523255 709542
337184 580497
778715 374219
202578 781988
844747 403802
545012 881488
806466 109418
420512 488834
76056 92011
859601 730853
774787 271835
753397 778604
931431 444060
111177 636130
406886 561341
733239 323603
304820 124820
542188 236099
237150 818393
22967 132260
345101 493232
930282 674563
308076 71027
755872 692238
207042 616577
232127 619645
163953 680151
84113 253418
934762 419743
262231 55731
704871 786049
635712 220296
328429 907496
285980 115634
275228 523278
48188 630518
198520 202946
195320 693182
514276 148457
191253 888335
591971 664594
682522 512118
855986 596336
672578 409306
458704 432830
663053 117686
86661 837031
810824 834667
846791 206046
240217 11617
410509 90231
708572 827003
480884 428638
884142 423153
802922 191297
961711 634881
937891 663305
755700 283929
82760 684170
197386 892416
568072 834175
637238 580385
383519 235165
15146 576679
582125 908969
751697 12934
559781 356216
942008 666642
10060 199479
619720 212057
764263 622509
321733 557417
116863 408713
930451 594500
910563 56035
985827 586061
389083 917276
746721 310941
147026 226385
969840 457861
839050 890318
886505 424313
155864 848189
527647 572726
548087 63257
390997 497241
729865 913243
168577 798609
673007 680293
423140 604301
524626 164586
463527 257788
900485 645297
513233 525594
460475 940846
930803 585810
822942 185138
127817 722709
664394 463544
180249 960297
563879 741026
348642 418100
622959 279
315249 973538
516768 12642
352681 730449
834039 400605
910875 870324
377924 868326
908986 821403
581619 530634
903059 453041
302528 907401
857811 168353
150463 757740
179884 700972
793139 127533
907653 431637
619136 214702
561655 708453
432810 496125
678304 631012
943639 170605
565113 313384
621133 536348
138743 296178
889728 139388
641971 512136
109930 939517
103830 235079
577043 814996
490487 839932
79142 221297
925883 278924
677684 493198
632386 728101
871779 220899
585119 945710
357871 599029
717438 734331
495840 773200
22511 451835
5382 376538
521938 325964
882106 656752
33775 807556
77498 633983
605294 55066
871333 247591
388401 118544
550391 647228
643618 398830
304299 487098
975062 776415
47243 970564
95344 963630
521030 194592
116799 120907
262126 465462
92890 177043
136299 541188
848629 860353
754528 640462
934667 103872
270933 608
192333 974101
2263 521038
362835 577092
242727 454498
383976 227529
464203 104388
648079 388075
130860 204451
871047 763792
370956 850107
569750 592773
786252 139526
831117 705702
316217 123264
603489 826303
510603 668959
704004 34885
1182 500347
904148 225689
60545 401645
285083 790646
69776 739499
940642 486327
93463 901638
398697 613264
87128 336692
323188 176270
727426 244396
598242 562967
912306 200091
845648 561327
308867 861842
371506 570224
117959 327519
235433 860832
368650 982466
946270 894609
703156 592370
400880 368899
27402 862774
809862 527780
22070 870720
37650 429913
384929 932442
638856 600733
822551 349453
712389 490259
759329 460395
379987 835723
741649 837259
739089 306032
310918 513380
865280 306239
825670 874945
398097 740206
967521 800589
215735 495911
442513 629534
37492 242543
151935 399276
182707 700875
599689 172368
267434 465630
164093 404991
985338 765039
795254 423600
261415 825066
881064 387062
138459 686869
218720 961564
501205 925242
531472 265390
146068 441239
259559 612267
212761 976789
448893 489723
812747 78822
75104 458960
87205 115442
635500 44198
917892 816892
455427 983165
39415 496781
142551 258249
382893 991780
725028 487258
779322 13597
246392 473258
140034 749046
442144 728591
215035 462549
994306 9671
373029 581182
718975 695485
241004 364638
207118 836941
377942 720980
223581 152000
362893 874227
516695 695545
21087 602664
929249 765808
325402 648345
589582 406928
113212 678751
942212 396145
780363 258154
771914 602864
646472 18982
927603 774271
513228 816884
458807 123138
639697 246655
73260 747608
490291 891165
765188 447187
155415 761371
843526 182530
627503 365387
227373 311461
841488 477374
489960 179296
95977 400824
904218 179854
338742 997571
703733 301001
214932 896062
253787 639412
435804 351167
526974 315964
640005 954192
757698 329104
727289 649962
255629 264485
290838 813208
840173 908722
385676 557989
56567 491491
818640 466978
945278 987757
122004 219270
32145 360014
712747 977208
762073 268490
301826 288714
939007 957503
556425 100906
761111 73150
808899 389138
178415 170143
985227 504261
235897 355729
322632 249359
227051 64151
611422 78711
188162 817495
337556 672746
177695 217072
813860 521187
119067 572429
512120 381802
836776 976050
664431 96828
958857 802166
214969 315420
702993 563052
244733 689629
434846 47863
128887 426972
30770 676255
629252 112486
416650 710409
550572 669782
447650 236897
986461 385134
660025 173985
706990 709045
928056 564098
609320 672804
599446 37203
59332 271230
934579 414117
778363 594852
762516 503350
714115 348031
507982 53186
140757 4263
609326 877023
294404 549700
175410 751219
603951 814717
835404 365135
174012 454936
434564 245029
902638 715305
351140 654735
537679 611756
5328 631060
792511 352677
706690 689831
459847 809622
939256 489681
983457 361411
354711 245172
819963 755519
29890 722306
180841 13603
921932 584119
781867 906480
709425 810556
126455 348306
345819 119797
904223 268589
620085 26399
353293 13215
137642 97695
861773 988860
725702 886902
217668 933155
213126 274530
289055 739030
876209 179047
997835 298505
514682 232290
687115 130936
559808 932143
724313 424835
759032 467009
976100 976699
293117 873180
649092 631589
598526 925939
275595 37538
263989 830208
359243 951489
64905 125232
947322 177241
554034 577058
425233 710552
697330 424908
997627 927090
760869 636844
330850 207820
487240 870571
903640 959343
889912 581515
665334 11976
996134 992921
773247 824318
543287 992638
730669 823851
83466 425829
776098 592379
810937 200741
464701 282376
972183 256055
253115 911782
671669 956222
212983 382447
344589 757601
469346 661072
89362 768930
218787 772119
586432 337823
388461 144681
278091 220153
527742 572853
139000 973881
602250 749946
555559 192844
128762 140943
724180 475629
995874 681482
301974 933007
92457 942890
651527 440548
979796 350030
845501 48939
163278 718360
404820 973685
932796 77635
738201 889651
322290 772576
584684 177341
484714 630282
876270 579837
579938 374490
162877 328875
940952 932037
273416 264507
123546 517703
455312 314838
31616 702356
652522 192728
801551 122519
910053 950093
52213 556841
549064 908096
747089 9030
621350 616383
321056 535679
873891 911403
923239 609635
47273 411994
824786 862854
138024 267786
433863 268257
289732 386019
269967 197111
733657 672406
723457 164341
592508 430504
53815 865511
652249 782021
764157 604097
364338 624365
507184 699120
927327 972071
6875 365586
896518 922050
858699 309850
612293 227975
186020 101418
644285 964122
662144 148037
873009 61363
777224 573608
825619 526801
702657 176458
516496 913449
132675 496450
769225 442529
29539 655407
207209 456105
594176 631757
312952 202727
199259 811428
345200 907307
280168 267409
121359 158978
598863 132199
646967 581774
549936 598696
814404 987114
922861 102337
431322 471706
206674 880243
600697 197649
484772 850291
662411 208603
84973 153041
211683 956411
826877 115615
422925 876282
196523 284307
949608 282271
137572 693554
205005 10707
702241 626924
307887 393161
921182 30359
214830 787251
71878 213818
808457 866372
615563 925366
909340 46408
689113 561094
502763 358912
879849 941650
789287 315243
321698 234969
205434 234752
442030 338481
977498 165256
47708 939422
251616 614200
516428 183751
530188 717845
572439 815148
117577 900407
597186 624555
315890 699738
706134 421787
923997 387187
335822 208509
984275 581552
783423 980945
567095 628057
736288 249346
587814 388042
27324 213863
469008 554650
320981 482403
201390 719379
70081 746508
453820 622181
970866 941810
349987 705820
5238 877795
60578 706215
939965 677910
410 762513
675444 51884
537661 22200
644270 57301
844425 533071
503852 218468
981143 556947
986522 226950
629552 740770
550567 237807
293591 787686
672361 327009
729875 756126
697942 598995
838946 493814
538964 858216
726875 786485
351367 803538
754129 986490
751968 90130
520818 448640
731065 348753
29577 347984
32875 550301
936462 969890
22516 829078
480345 454274
409612 270565
146822 660304
901083 996040
595785 286326
133309 488187
835917 521653
767736 525319
606426 980456
736906 178042
718638 496533
983683 957059
339688 989359
841854 600216
913242 142308
450030 411261
133461 38309
280086 803398
892496 952267
47870 766094
208096 33989
260881 637555
614211 527257
510553 232350
359388 282778
80788 858372
112712 404798
9579 500992
146613 207426
220620 682493
723293 84833
150660 463394
514670 317970
387175 797052
489669 81329
358693 287545
565259 568948
30271 528448
30013 986850
110523 506089
358894 920160
909681 295027
517631 18961
73551 90802
186461 500677
426775 690308
472579 727256
500704 59519
626174 589440
563467 933812
619431 523982
383529 282746
560247 514088
331514 495868
564855 219745
585171 834536
606926 225266
732404 778749
783154 573148
571692 745123
274340 430673
9025 176219
833426 671384
398131 829102
921690 741215
517331 622266
21665 401376
346584 937098
794478 29467
25785 327937
498325 15634
138863 786539
50566 378700
748834 878430
178441 774551
310865 17900
332113 33510
940905 390370
830279 178020
839412 220176
688005 938084
479414 176559
579532 387292
532918 491885
129623 956966
8701 878891
101853 218553
870250 557196
847778 945804
494950 851752
465032 944015
861195 165969
716841 115652
252869 195406
636688 388454
613900 159705
854496 459040
941358 619237
197866 81455
427315 248964
428217 424081
644982 805587
968592 372055
321313 335499
79038 126353
33086 651520
399469 350040
647052 86206
778329 587860
860393 124588
925537 748437
963771 796310
406247 268815
322968 834464
366432 558686
620357 899136
971992 241960
192009 14180
802117 783505
850041 121512
517677 821821
861101 767908
75529 576595
731056 358882
55613 836985
944192 548989
214263 284319
166441 751028
645160 366074
945480 708874
88115 56809
218525 95614
869979 975765
620531 563386
946860 137331
354130 468108
631013 581741
52949 123405
845559 822456
726325 886176
976592 936609
239154 128073
667581 635954
101822 252449
705513 266805
320376 452452
273634 817208
943169 198789
729901 843684
292479 341709
401376 99953
696540 102527
120682 684104
720948 487456
921179 539229
91496 641766
242864 349620
870003 582874
685011 990397
85932 519475
183436 128813
651160 570726
832642 848013
887546 116179
746942 622032
934774 864870
599294 241746
129133 470115
761349 510441
679925 890233
20410 457281
776013 302815
482456 833370
550737 114241
246266 214623
635940 232549
388695 72279
644959 196526
271730 955901
481128 120336
556334 454197
178103 163445
712624 808155
268918 151747
6606 19481
2378 424800
29952 165459
142742 839798
165221 396517
535492 990431
565890 66199
807681 42978
139826 262094
69838 840743
661523 203473
739086 294418
746327 426752
399777 656207
980852 73154
298765 114855
743754 964436
910742 541612
750875 992916
37881 870136
386437 939229
287796 429884
942533 86928
346701 53130
283355 15404
450897 419942
14725 252700
910624 51460
524162 154539
404917 457938
303490 305522
522258 244756
482102 462993
44826 480263
163372 476759
719477 250359
503195 308291
548645 404447
804220 177104
471545 815149
388752 90191
754601 779393
798999 831633
339888 791984
926105 329569
500714 603332
474396 80318
668712 278924
968650 256961
480001 227036
566688 500750
144326 848296
798379 403343
969321 999041
18961 971137
647728 384955
561603 618783
183113 861707
516999 319790
939646 425272
884354 907679
284562 850055
533788 632570
663814 82385
327016 794296
244572 919545
144929 79805
580033 346610
646490 535678
617174 671222
730643 14102
383649 484084
919737 713242
129045 809426
890125 561725
837962 833568
308520 247287
372867 711723
312521 923414
906642 717759
31278 235679
156202 591552
986901 97747
650165 813010
134447 490886
367529 506935
14581 657700
344076 221786
732437 786711
303396 683987
966774 372484
570641 556343
51194 160299
860062 472647
642523 150247
834430 934357
871825 375660
681592 349246
664034 688846
273611 615354
735582 995321
74825 685143
603646 736788
212580 295508
194453 801485
540031 824805
499674 175300
741282 240817
485246 746130
249555 905170
427731 682230
932888 591416
25964 100609
57553 499982
509778 684294
471060 334297
272268 454856
507711 224144
448038 386609
175969 771015
419220 784365
825521 798631
267287 702701
27741 32627
554336 154831
357062 417136
394922 901981
447219 984507
358112 439253
662345 801713
759952 508004
657032 902214
522269 450191
991211 667079
119931 645252
861203 902507
7854 540928
675601 220694
94905 811903
156549 830983
241888 993617
924506 911414
976410 682254
860588 286717
524118 12971
75938 791942
277583 512195
62481 284499
615472 480475
925190 58701
33229 697242
653467 377514
935849 921519
928272 129308
67944 427303
797068 816166
265791 179245
752771 145372
871754 731464
362017 40446
885591 349748
641549 61550
644556 957694
854302 24014
197958 156460
829345 67493
172115 26091
89306 295621
420726 253239
687603 399942
496404 395207
652031 683767
736814 975667
112446 834991
483833 422070
68161 264837
275382 507639
883167 599667
998520 534768
818390 923705
123742 624041
699417 868292
15815 487376
113280 133141
921578 604258
280679 110774
425206 329415
378976 609920
601971 462329
787972 243655
471104 533072
139157 327960
657237 627308
705927 630044
773843 330681
622713 730145
390299 56015
185512 427514
507370 970612
689467 780610
959332 885088
643450 189548
302282 456553
199221 276660
275155 633712
860652 29846
608899 939166
720391 91833
138074 350810
474915 797116
801157 732685
163620 227279
6605 147780
973226 56540
850410 82464
70690 447414
208680 417141
254096 217258
363988 124495
43009 43636
977081 784328
152371 863709
17529 198458
137040 495890
351677 951435
733159 831196
460383 572045
33867 65420
908583 305755
984051 770001
287746 45877
573084 680273
347176 402750
615474 204648
689895 675600
992600 696993
250252 261337
27607 571960
866939 869033
39867 103585
5681 357945
744334 324249
859512 239160
24972 809305
416029 784664
445004 143653
856740 778482
620981 431060
75447 285789
364149 407850
487995 954107
323387 373806
787416 892235
881929 807227
894025 105976
711922 55173
360604 680937
264361 615971
675660 733166
541492 254321
159414 20139
486527 383290
930513 695926
398809 212751
280438 724288
354795 874492
802244 883452
213152 526269
699614 839202
669841 848870
103187 377829
37818 296708
540353 835797
521568 475636
950503 607300
674254 898043
797704 365497
368982 66616
71935 792050
59339 22414
978907 574150
651209 834326
661074 442680
609551 645490
401215 62667
904833 364806
187403 829202
155529 76586
601102 105818
737686 65488
834469 750452
647599 759757
959785 836175
282608 283982
64954 227033
189497 80024
754844 389544
666673 781543
719073 703180
126429 864256
260572 431113
43542 150667
77382 159092
925843 741965
209869 372107
501650 112145
883274 661254
113985 776480
486021 465257
610473 726792
457043 882437
400070 56574
683882 734246
321474 361264
781903 637555
250291 284645
229785 36482
839477 705437
219085 66839
502772 526763
340589 282017
301746 254900
446470 598272
382491 246761
727190 452713
551829 532788
22703 710897
145791 973782
68978 159927
745738 399542
83392 872831
373224 143229
618207 594307
24328 792680
946284 806542
178621 771048
374150 961880
444358 74759
37310 196485
902998 416140
226109 268749
912681 288436
636301 383606
183491 720738
915902 764186
927547 49754
99692 27470
183200 78176
791550 133745
257909 21827
216485 690061
793011 678487
331666 993679
169041 125861
544539 45597
795417 14732
140743 809487
473287 147236
324426 675898
93466 44923
327596 657684
853722 71893
465604 625200
915336 694869
703823 207698
176740 744771
689132 49276
397142 669582
308244 888968
113971 306019
438517 692737
126390 229256
956574 819214
820871 641990
474874 119004
456147 27410
567753 149680
275681 434853
824358 391331
962136 933131
452271 213141
833278 520978
707675 928376
696685 503852
303276 57859
230622 768181
658557 47027
812167 226473
126578 752197
300061 578769
829314 322734
802361 568445
703533 937767
823942 872271
534303 389424
253902 816009
948276 357874
905585 131695
985049 98630
493238 323596
264947 110122
380555 217337
911975 343353
440866 128571
508999 819192
952289 66530
610302 28027
633648 238996
196698 541083
674809 938943
835155 884198
885873 976931
163668 580290
272222 182463
305047 217000
895868 674662
704092 462891
427981 104941
208133 265925
246269 893088
768250 557958
595291 179662
835072 43862
8483 576241
336377 698103
455994 395682
616230 762825
194442 958852
911954 626051
127677 631270
713726 160415
585621 726878
527121 803032
309963 130619
44885 987100
433021 609248
370502 776399
364143 611908
660516 146441
716428 478597
174663 365485
142928 177130
929980 410084
615034 532632
581879 102540
733194 833390
99684 236470
437866 224552
666570 157840
778949 926274
905992 805397
570960 529398
913926 892460
818057 755151
294464 500863
189163 790118
632638 651473
465259 951042
488361 413671
541029 918602
265503 624686
199539 465250
413987 834624
573350 2936
736238 608228
483642 483062
452014 760882
169611 493338
23341 530120
237755 490396
222586 666202
106100 300462
117481 206914
671957 483784
106455 251782
38825 255244
480448 193264
675113 941908
383483 851443
935250 994979
878561 227877
746231 947114
369186 310838
122382 955225
184574 892918
983648 319500
16614 537257
572177 576524
522683 464826
936999 35724
748615 373150
35006 948412
559797 984535
784566 807489
145818 325517
505940 599409
68875 491968
615448 925192
482518 334491
726557 60239
163662 51640
459775 903509
69359 144316
203762 635324
777230 789206
96516 231037
696445 273496
858031 820573
678651 113235
802368 472019
729840 607007
376491 932104
64359 567918
722670 699858
627734 260429
424461 645354
188663 512500
337267 244265
774812 190975
609424 46809
183061 300505
20197 235226
805988 954205
130529 377478
484800 549739
789846 180438
295895 693425
744538 978039
570755 494623
765737 132205
195156 626986
97044 277081
110778 155690
406859 478366
183531 120351
232423 524913
646603 692204
811107 759948
613517 284598
911451 451319
202430 704868
789715 204355
520728 589633
804725 440786
670520 950438
252045 561847
812515 767671
714884 240581
772947 862498
287372 231600
13082 226125
127883 216932
532272 108502
949882 479552
109516 366239
513726 546601
965042 80260
172918 516571
545742 458858
818657 47005
528600 99686
756473 435150
685127 580170
539191 411742
214890 785805
548371 591979
411546 806569
894659 850566
774022 107179
562074 269572
814466 130750
718450 352026
889990 866881
167427 92907
118051 840665
668365 986394
533150 166211
820229 662007
502382 596874
198829 685088
158366 728743
406754 698434
911718 634348
699287 544818
178346 638937
218174 900241
878086 396384
789597 861011
904115 863730
970423 507156
392224 643731
397338 844395
546207 17405
643342 712505
786388 216981
393829 1784
350278 743718
429208 525341
277242 126542
577990 86081
907680 372918
289901 890426
793094 57698
329527 583042
670649 3196
561994 258686
960236 521646
880402 393734
386093 40330
515800 957125
546440 445412
726090 967623
413294 989034
630712 863622
545884 491152
74566 845333
228037 817907
474693 824457
417083 748826
259406 803688
61165 289717
390073 509525
780134 292543
62274 328507
135198 15772
815276 445715
756081 791103
660198 143121
344948 315334
19182 602020
200957 385846
602228 759472
241900 928622
471147 964414
223424 413813
573577 653351
360018 24825
434407 961850
449416 573293
662439 415688
98722 107586
212639 117119
857926 865508
21715 888580
806085 888220
595721 271735
635052 45018
373250 356545
447086 555974
909491 495154
345796 568389
717896 182465
402273 392662
715091 415207
171868 733873
879525 337962
341410 732076
89814 144397
986575 959863
965511 690181
377332 92836
980449 976229
137645 547011
386485 993077
184784 832241
511644 321515
261047 95938
173553 237768
965659 96361
924620 572834
443542 502793
753369 980393
715476 753479
891511 42181
436436 509064
903272 697620
809358 4848
22565 4930
101924 188217
877031 325681
423029 752332
151697 673264
433244 988868
119157 287835
215550 202348
998858 556856
214804 958826
797273 757525
19531 513663
738013 447519
261395 954958
876732 359113
353062 396181
70912 37787
576466 981588
753522 124322
7238 135099
578338 214916
739864 527880
587170 398726
487794 209501
921328 939438
548049 242858
480823 25535
443397 670115
670441 952657
572024 337129
226670 954881
939164 805705
237218 276721
766424 94855
882416 172456
703510 263609
288575 622472
736549 129759
469268 640885
554351 868851
4843 466634
515407 463785
850950 683067
793187 340409
686268 370533
742154 909103
963896 543837
28584 657174
652161 83539
462197 902710
160218 129791
995940 288749
944518 925444
899899 57884
37562 37399
901590 207282
925263 857667
250849 606794
963635 300253
813127 364162
42064 465440
196761 38827
782833 17162
332597 633882
656165 181987
45719 329883
227508 658505
351766 289869
528064 589662
486369 702831
834689 39080
960519 718937
724563 77464
290984 886584
741830 137536
403066 591640
336081 888744
447269 761615
484126 70657
879138 574959
161892 138767
515161 572038
735475 969223
799453 831842
427324 340276
923667 402526
20712 809404
453219 939605
53993 635960
111580 747433
585779 2328
284257 525806
182505 607392
520506 807147
57700 944855
754619 939597
93112 249045
699533 733542
59384 193050
942956 108627
673561 226529
983617 19818
645133 927586
789399 518608
638013 240711
267069 839428
317355 214021
985065 858827
886670 81963
406954 757718
314801 630961
227396 722098
215067 558046
589068 35902
940466 996578
619121 693404
914948 785115
257048 881937
611670 296447
97181 520550
159599 761720
675565 419990
773197 79470
385944 893837
815289 342425
352235 513798
11930 354345
229701 514481
337796 596164
855602 590236
428688 271080
901398 296038
990216 881594
750038 926624
253525 827668
293169 907291
860551 723400
854613 460197
284388 747335
719850 346513
324308 432984
838901 595730
377274 637063
946423 894250
471705 944497
87536 903960
777033 406856
880090 720692
716983 555594
521992 112576
349002 991685
240974 565045
782469 899807
88039 510989
15475 661650
65887 304655
815678 934550
991215 972911
51909 568116
114574 192831
407224 170688
314445 530523
521171 980703
827454 384554
286936 147862
692074 182196
100977 848191
748419 632869
717445 184121
373232 663075
594290 248870
931249 522600
922685 134686
682682 725519
172755 653335
509796 949649
406933 830102
870455 202671
367848 481172
775450 620147
252051 116761
954955 366059
443086 169668
945639 118415
533018 412395
654200 749123
757434 871127
580212 470609
911027 564886
197055 996226
928661 829158
356055 307705
298152 39552
175065 563726
635625 689638
609389 703635
801337 246122
903506 720698
620644 466470
8994 822693
911733 414913
886142 603316
595305 137513
81688 239054
131152 752778
674937 707272
553631 720349
946864 318226
988858 987515
634210 906856
973556 651984
9439 409494
907048 312355
113148 90704
717799 837206
427933 176642
670747 26131
19019 182129
614335 408076
30391 224292
498292 126559
655709 728727
939181 218113
673088 39559
696346 636364
756245 551228
50237 157612
665709 827432
960112 155607
913020 912118
925555 216058
209725 451503
778229 657738
375523 880341
642500 257408
428118 501313
24322 617833
26072 165875
288873 134307
20199 581538
256961 753953
583392 482908
953677 429810
140722 672962
783975 26590
525081 437296
912642 509206
775552 14625
810970 458049
806497 62964
202991 714292
791675 490052
37102 191776
346713 629213
433885 338040
12209 567182
800712 451116
646639 669016
402188 375770
364329 416489
196991 433507
815105 81791
237385 454449
770208 765775
820217 515844
58780 633206
996153 669728
306781 274425
283820 350515
473309 594743
955419 80717
910391 577643
162609 915380
135976 136136
811920 213550
547928 702026
700581 811266
595104 943145
269222 983488
585353 248781
267947 364374
375778 435344
637913 32981
600525 702976
699177 646530
225311 948230
915492 522453
244340 913945
157880 14767
139213 207183
728100 883570
957532 245029
818975 668537
87930 492980
382196 671121
152914 947344
792978 874797
140803 112739
168506 761273
144207 399537
539281 132022
771265 279196
318533 852924
381286 546654
11235 601357
530418 398777
773604 443465
856584 300924
896842 228650
51382 837988
446068 141426
88933 141201
535671 269291
419832 118832
128853 910329
89435 2770
866407 910540
536951 300366
330455 753507
981746 764145
393958 609229
512963 342742
291937 91560
889513 394150
747751 865934
716829 202343
906081 668835
279240 24062
955764 764585
974170 428859
164067 175393
578833 44039
748609 919470
345804 234040
475248 862916
508203 877884
22575 154225
486071 713226
398248 8227
107177 972736
627648 398955
286966 216159
964954 242218
263698 15986
845973 304035
93532 938597
314338 169476
61658 561012
924615 17279
842088 232873
81745 986238
905700 164056
586750 683906
185522 154529
261403 959925
808219 929738
968765 2891
767769 927976
34049 145867
537429 463476
576936 552905
926591 337473
478916 502640
397280 761307
997713 772090
466722 28541
812635 293780
98051 818429
244993 116976
17965 42485
428477 729844
714437 852430
887514 163535
144323 588714
684297 373878
464264 605075
624309 800912
862995 798867
959106 24168
799151 442910
822729 787028
578133 590375
251361 104248
975432 26864
193438 305714
455555 667201
421247 323530
748498 532310
552213 214840
185322 936673
912462 710194
943451 358133
454288 11578
554686 367898
384524 140787
252571 40544
984852 464320
286752 614815
860842 576546
141013 648551
738041 491807
619756 23478
204431 120319
782167 133080
803944 53151
305040 932389
448222 806816
698650 178286
237486 549024
152852 60732
743142 817978
241490 512047
208120 514788
873273 29788
601535 21905
880200 348120
96750 285161
493438 512228
780097 675647
623398 78128
694376 88622
527483 917917
170566 991380
505743 810709
449861 268744
910710 127478
962382 261672
889594 115437
506424 13985
193382 823276
122012 142540
92804 731036
602167 304860
708776 68664
890481 171051
976 501173
382964 125244
618597 962682
326397 664532
272960 43458
994945 353420
966538 213296
835738 68653
160976 594997
941882 548339
276783 50176
285839 126705
9124 305626
712386 148358
10903 462489
349978 111799
961516 364769
700421 69563
604568 498346
235567 846672
188617 956968
798376 875939
602491 157187
129309 928486
569923 671472
630746 484136
710408 88628
778988 104441
487639 996804
584999 226942
677134 732373
67075 823727
394398 553386
8790 702242
872252 152478
687725 585218
204572 400341
277457 515802
303309 741806
976772 29637
171468 471038
453536 741226
739261 565951
273438 31408
694753 670330
695417 202164
970562 992107
445172 825393
420668 42713
263889 828326
556006 167750
3280 146106
393351 304363
188838 436185
727077 805536
245225 662427
58215 623527
587157 939327
408131 910603
646959 148123
873029 371233
530059 958877
558946 406010
317203 242759
724470 719595
337131 213981
815465 551195
190424 696883
135308 83966
533362 869680
207620 558038
714080 731611
102392 121837
614583 993667
636702 352344
143700 24047
718285 886809
593022 314551
954222 512918
113259 665622
360198 210795
803203 829530
616513 740361
410927 151043
498926 236127
385232 553006
262149 112649
159507 39854
554051 986415
963813 117079
328030 417408
961298 257527
518173 772954
875555 503419
660724 914745
4261 340759
187676 757212
216409 232284
986067 754578
932591 434658
294648 125455
350876 69065
508211 677537
416846 758101
668450 376635
703620 871579
150071 43421
764198 807598
177823 943080
951686 916085
233904 970308
459201 194344
338815 219176
372731 709038
169744 239223
540423 284253
561283 769646
352220 960719
976985 960869
921737 791777
522599 235370
968553 276860
621177 928994
398232 658013
786050 614346
72762 281541
287159 104631
938257 437341
943310 752916
136645 582759
254979 309321
478920 34752
221007 558305
849752 309567
82888 503626
204932 737952
606556 631900
120610 709193
492693 40393
297702 462553
753469 94863
838794 126995
238531 464189
650551 122341
11855 658785
601179 7263
956917 475387
419627 830560
690873 310650
820321 166089
282513 512271
600183 106300
378377 214365
348597 745342
997765 121536
389244 671030
440261 393980
912292 97937
777309 990842
288201 817309
380811 444891
197345 525922
986485 183506
989873 937009
366842 110925
459323 841389
617506 979223
518216 451966
306283 422424
172138 330288
183703 953095
282924 862632
767911 970687
270518 269472
670304 29743
10499 17530
906533 564699
259377 527893
277849 226141
856655 276946
917795 401312
606289 593730
75827 604371
634949 728991
151077 538811
175525 598880
139145 412533
511193 411981
877137 759219
243251 523359
253922 33985
40288 152683
101835 562732
47355 958503
133396 792030
896417 558484
163108 661536
246165 922820
324069 749288
93219 305974
576569 466339
276800 133261
597647 633901
748842 209361
250566 284254
337938 575098
32597 222397
753621 257927
778090 757194
926211 621025
713520 183096
984124 463761
964702 721681
474078 306277
740297 766213
269530 83363
671629 571638
161609 773653
140955 701116
652888 620306
599442 233539
82787 153978
580240 744355
473485 167950
234693 101470
738380 903579
666613 754368
593164 516742
113934 807311
91329 828786
639943 947484
22610 579154
801014 325589
319240 872180
350805 244421
475102 905322
27054 55659
114672 485518
879476 840864
473319 461582
808948 839361
186413 468807
711400 221315
342496 996427
23856 415985
699 70281
808529 427568
603354 443551
721419 975914
126938 761213
326943 734633
174268 452513
705906 230417
719461 733093
501008 7100
450038 559640
37 856152
14546 605343
778507 597093
296038 379431
481211 799883
944776 523806
667611 624079
641685 418887
860272 420775
766818 832004
403544 869602
934840 251014
377679 808932
89092 778596
486437 721852
470930 8918
577974 876217
921509 516537
999533 366439
451147 573451
723299 518694
8880 974113
722855 781523
160629 91818
563714 357832
278071 431656
268828 354136
195223 358794
913076 32875
676723 151165
473008 189001
233385 67386
990568 36254
55011 413340
361323 333930
693809 882381
406356 274016
862674 334021
992195 236112
325090 875646
4397 716417
19304 787342
730186 356560
868133 199076
626408 34594
369221 990405
86249 779669
990811 55632
412904 678452
285894 823735
378140 239812
349720 696050
499744 95002
101226 519761
339745 973050
181908 678029
669001 441889
682665 79708
24873 787049
749135 853023
627369 452942
474561 943810
826852 219035
329226 235971
518294 562804
467705 940103
247677 800503
121200 161580
772369 178949
616912 366644
522540 462229
100308 602581
27500 716360
681791 13915
382455 763932
569615 899653
382599 738308
689741 163745
354274 370380
551675 442048
734070 329057
226418 702145
235945 456082
72925 417172
803550 484213
894210 706649
111014 643740
989983 150511
682074 768583
345480 949056
34811 173246
260241 392274
824733 327802
816134 2936
270331 131579
555137 799774
718135 782043
621578 538436
682260 523835
550485 295008
738788 963990
978849 207578
833742 552566
108135 785047
238696 200910
50763 615658
514940 25635
546734 590256
45232 613978
931044 623779
916543 373895
885360 975239
726560 218405
305155 787417
499988 458175
212249 981507
542273 63208
460610 702183
112076 724764
489680 206971
233224 317059
189933 425101
931239 454668
541449 367301
832141 491699
952127 395723
266544 966518
438066 986560
739977 529514
542732 562777
427041 609377
375958 917461
494969 950577
194257 752132
950360 344465
495132 13570
251155 465887
75917 388327
209478 849132
440623 9962
42474 768741
954100 80493
581011 999268
635886 712451
446911 86738
86508 982722
418962 86116
455201 844741
131126 433625
287313 897238
682534 886421
853200 991093
845680 377207
319662 603580
714123 295230
407425 355532
749864 317014
963311 934094
877334 592103
906536 354696
267886 239649
267148 142892
216145 849727
120269 841103
120824 493455
907130 172293
216664 505781
721651 978081
306806 134616
446677 740726
865803 317283
685650 368806
141572 713073
25126 623070
117995 404154
700452 355970
25660 747549
253645 510052
820486 238016
663887 492226
860087 673037
416295 106163
475874 753679
438411 758389
480275 95706
786830 437780
521592 316320
999160 441038
847173 16822
689997 468670
484053 589689
681649 498402
215964 426901
375931 734103
628325 823918
209241 904106
973520 294027
275752 75271
48655 461789
344850 950269
559839 191547
954049 902454
554614 826173
72867 680745
979053 963370
32610 469664
54907 421404
985263 638163
817256 655008
623438 718806
986386 498083
380392 489680
969722 291473
573694 394348
828438 764194
484815 143067
727746 312043
511148 273851
663731 821662
681953 356498
587011 408106
475476 398162
150300 163516
729038 201954
984489 495397
551287 192354
584535 692740
95022 291968
784003 544296
951515 450371
265577 457461
853181 517272
735820 887815
771223 484137
369152 226385
579785 609714
771931 869960
883179 922713
793121 855085
303407 737237
361873 572974
827797 360174
525069 406627
596594 426377
293960 992526
306158 106817
905765 193502
208846 393160
538461 805976
530320 44466
514212 498136
460582 591128
116048 813129
442357 931757
928759 286672
957873 521109
781137 425447
981592 828019
881812 901992
246961 343255
69610 868957
360089 370557
168369 410536
565060 149077
9758 674343
951695 362335
432761 612607
624870 766830
250457 882908
31752 236664
394921 298696
843687 573963
548989 619535
451420 497787
66914 387135
587782 204629
197804 132127
686534 112017
328649 195434
288190 368744
592945 601559
244389 846250
459891 622831
514756 58646
909946 528912
144187 834354
36112 90276
398693 339150
151822 358736
531476 675855
290603 533498
352704 970864
732060 341499
757057 384618
844623 707648
646366 233117
509060 162909
692793 696284
197340 143411
304978 996265
431753 848058
971234 679991
536867 415775
278203 681901
136293 853182
794863 377576
11252 82014
554910 354974
707341 253493
478212 486706
511550 146708
728319 915927
472719 486006
619030 709619
665979 131174
304156 507774
278233 564053
602977 598512
716205 521878
460111 236426
402369 658300
626785 920725
106202 579210
498906 690208
511987 20433
44255 806650
258620 115842
158983 306532
308537 566970
219112 777916
325131 310225
588749 109089
490472 574475
653188 755758
698819 898404
374548 98042
754187 574006
171994 619730
801413 895281
381221 493634
485718 352762
908782 435934
379270 265557
820399 816694
239182 838719
365218 176254
822191 21412
360636 482162
814274 450855
578404 138691
941998 246238
584514 123370
976928 517288
39468 205574
892008 329173
428072 31859
379143 554303
63592 39031
771641 436821
207201 216251
372621 5234
606105 965219
142941 122910
181160 249313
642680 824204
563781 605392
737261 29872
614487 136505
939911 764651
195826 85728
450343 683517
417735 374924
230510 329693
728540 217694
486914 745843
957267 602683
673079 626609
212926 418610
485836 958164
98009 731821
532054 320047
649415 600870
205042 130508
746698 833648
965484 199542
83373 679995
748434 915132
229389 456299
592152 362387
914011 284413
963770 39085
578349 850853
839695 395531
746389 533644
51418 21610
630126 965493
975619 171071
126483 159151
301288 394204
475065 739832
1133 351019
322609 902719
144540 283735
437114 555353
125593 463000
529920 294320
937519 953247
798647 327965
775997 611396
405687 128963
552713 897671
920757 142629
824799 455800
373623 719491
221929 464715
639141 944006
154248 458706
87272 947181
514 892381
225674 656702
233850 89878
263929 365576
502433 757177
479939 230993
406634 332101
309836 332067
565889 963800
515882 558994
603825 290588
839532 904756
882052 665507
190376 893386
364498 206613
379175 31010
271376 187701
269153 92147
619891 75938
154758 373701
754562 81750
487959 953271
234753 622225
177950 997531
750724 179743
302960 466750
111943 889045
817794 484552
290358 677778
281036 928623
236314 41031
708053 764441
486480 937465
304183 391750
976516 106429
683348 654532
158865 416429
274445 591185
889195 965317
289716 444904
829682 158617
790352 415798
790477 491699
507137 761737
680100 964047
521866 154396
874862 110409
785476 632578
55748 154734
688138 265857
158916 19291
888991 852543
146157 794407
598587 810677
183994 594263
883703 794512
508579 175276
268422 714023
705512 485659
14095 562766
572644 515120
408694 725545
717512 772715
250056 147422
428815 302931
553184 502130
720482 463871
416913 835356
553407 791184
551397 320789
782166 769192
251057 322959
549747 813510
730451 652797
881689 727284
149364 107766
249268 759561
434630 562135
685270 89634
364559 498418
756929 447402
408750 336508
733720 403443
230602 876181
162191 306132
136313 920901
296811 531159
232573 30651
313388 646162
307715 751326
36233 734344
234911 793566
295872 593470
532604 647780
919627 277630
293602 237387
26829 553366
521974 925812
854817 230863
954884 409333
230396 197607
296405 551418
344322 555452
438059 231300
731381 604746
96528 735922
195962 174372
480326 940199
455297 473583
990501 566355
100113 215245
644210 929113
128343 262913
686411 635726
290752 579113
191906 35190
614453 841443
93290 460674
99775 767285
41717 692883
293073 371094
892311 346061
288903 69237
742970 973180
125061 433716
360696 531194
472503 743463
373579 828767
27209 508374
166008 922563
298011 551884
199829 226810
583102 426521
518159 319145
51217 760672
305921 213173
846665 116837
674570 497817
567499 166320
520491 794735
411252 516876
165378 600953
337352 75047
367702 826792
707448 676375
93026 503458
511700 726517
883055 175051
904251 496064
290636 25446
717545 485848
171494 553344
728632 618092
201042 483036
531475 593422
206204 444108
700145 341584
799131 719027
390475 524272
4833 689857
374045 593474
89447 370921
756004 625585
561337 739690
535520 14007
706440 815520
149629 795979
733200 54673
838038 329072
987853 736448
401452 587442
226847 212854
419213 610832
702108 347995
196878 167663
153274 462925
587542 483788
68650 160821
239791 60500
196835 282205
195393 259689
853981 816228
330916 132033
734408 97736
68798 570355
11065 615421
23210 951354
904631 576075
168316 119503
457946 72641
648744 23655
286360 910704
292170 867206
442446 849503
343312 473765
172832 434774
518430 852540
533504 84528
854302 883836
202856 543219
757138 413917
522882 425897
601012 629370
67504 742402
990147 509302
662566 216992
756390 810719
572693 645666
575321 329007
731678 704906
665668 598880
650628 368355
651951 908576
937393 282139
264094 529163
688546 409587
316784 576725
221752 200211
395121 912442
88998 452975
360349 191211
464422 576946
18195 549506
940706 701965
784984 992775
432973 238495
776312 258051
18678 983242
286930 431453
44441 290463
918187 916148
75752 908212
749534 682606
664815 147364
815042 486900
630956 781335
648098 504170
851659 237176
721676 845186
603640 820984
546937 175045
139792 201078
697843 527797
442338 639653
848972 893096
786140 29433
919262 678834
327965 110343
307441 5442
952810 900594
771961 959285
581524 58835
211910 81343
399386 806697
46517 890121
800649 484928
561000 927728
120218 506251
868831 862067
412351 937462
939529 791452
974820 202333
736001 961595
895932 582454
84 378571
438123 792411
560545 101498
124650 70953
784686 570143
590231 277710
435782 595593
850669 419738
840946 300440
551909 962842
196358 462244
21540 926314
318852 689455
199093 466589
222085 875515
206937 705257
381917 355011
653277 773940
658298 260814
411119 97678
667535 743797
593237 752187
468991 872568
195788 238268
740460 850452
433811 175338
937709 749193
838809 211148
766550 984819
668244 435514
609591 110048
430934 280200
137929 24323
736160 995077
810817 589384
298680 989940
272870 414261
112190 501467
414373 300537
639340 632611
168514 401293
669231 41372
726937 992965
474303 692216
673664 221516
911551 365203
877927 130727
760676 425171
878945 904320
271484 711136
758902 731949
815583 817679
310617 475219
872478 671317
200427 975887
252538 479208
338746 309892
361230 848888
870050 143849
527004 532134
382656 281272
413533 853098
30941 970781
116626 636390
490745 215810
107554 422177
805642 948571
335711 2852
586051 906325
606643 794108
974856 962457
273110 977235
717976 542278
940711 337115
684328 461197
527006 14080
904702 611682
587699 937499
803700 539081
878730 864789
326237 778130
128295 255803
381849 85106
983961 463995
652710 500284
839504 303393
193498 447983
892818 785943
648568 231457
190426 334428
912227 687598
171723 316335
294752 400357
132608 697225
730810 346353
467593 661449
371523 315608
71055 342153
28161 80070
886375 290319
978729 249085
977887 192371
918633 838716
785164 16120
186585 514273
494444 742473
912640 293920
845040 57061
455967 777479
93252 432017
310944 675676
650067 379310
675401 273783
427185 257609
252022 610254
56383 903941
643003 424964
340249 512860
426344 27444
619064 914275
976390 385996
450541 689909
998617 585303
902413 512167
359380 533194
382580 667327
528701 341316
146483 640337
564769 681101
587568 110950
196843 2139
389878 876063
365617 965668
831659 967752
297448 931055
518816 11103
187934 69629
2698 452715
830409 682298
378214 6098
731742 873265
710624 843437
962874 188023
490359 975692
181651 599048
779 535291
215776 21910
681672 557507
714914 998712
922965 337712
965229 178582
966843 376394
239943 788455
420915 720448
464742 567972
332696 401076
22016 66974
317158 471392
814580 390293
527305 759459
338861 856627
999674 52760
158912 410157
470477 977484
930000 890564
301763 938222
964546 813632
152407 846641
935528 286539
452214 465708
833807 704937
39139 933405
297338 746436
264770 105358
541252 793775
26170 363100
917681 783906
176341 991592
42266 524870
51341 999772
729731 138607
648188 66246
784584 571669
439522 165989
868013 797413
882927 593269
170035 867221
249096 504638
458800 185309
788274 465649
478212 9215
402459 867821
905429 509822
290152 287829
411497 951132
344737 9363
608155 456163
753177 154361
868736 927952
850094 243011
953490 850401
539756 58466
37846 195402
378788 885802
974004 370996
4342 43259
914459 907049
959724 385548
179773 896760
430343 721520
325725 396339
158070 30607
933770 441526
638883 467958
790764 795068
656074 241747
804294 234524
965107 630398
707267 647223
515470 962892
625152 695814
716132 942424
211655 142913
130969 911396
21426 454739
451272 540087
5494 665942
329979 276643
252318 577559
816910 153296
536598 476593
314021 806842
76046 978832
683841 581005
239789 985502
74259 488115
563384 923465
119669 853808
928820 161714
359323 584685
837312 291344
43325 437028
883196 549508
811029 954315
394020 419831
397500 884725
122135 972536
187479 397069
193449 174935
603673 49072
570291 980209
627224 598551
67948 992185
830452 293345
532032 7812
127753 981376
539557 619871
343061 314146
468156 31629
12628 325900
367754 299223
200375 75926
742642 582892
478827 915021
487135 597712
876188 320201
517988 595150
112316 866436
906899 657787
966240 996108
491059 110326
25042 705196
13782 581000
416335 50151
513744 715100
501051 531724
7266 60672
425003 993510
128174 89128
776951 267128
233374 205619
358076 672922
233836 878366
138440 17740
523232 569094
659851 843300
563100 180948
356403 809252
847537 762676
480761 901559
591466 180171
328253 288919
672854 112283
607239 863559
115173 952389
259088 563737
806591 535521
577684 401332
607115 449271
759349 338631
404215 698625
158980 414272
984725 611931
954529 101500
344264 42182
673891 847828
748737 278021
349403 979478
42153 481834
427478 367700
204278 594332
922112 464344
932488 804200
725198 329900
722217 631029
904022 139161
594251 897439
966662 584886
419726 407276
888525 169774
294776 531372
690301 442138
422530 469439
540751 621529
288438 678725
608998 74997
42288 429122
955884 813473
801010 190723
98628 367197
855204 124197
639792 899972
311347 210095
695980 531006
382499 375196
783083 849776
980031 4572
985090 933004
982036 450875
792859 646559
221262 693207
807906 386931
748402 241776
735432 411923
169345 864503
389632 305218
909745 74006
731845 813552
604515 562258
933145 638198
64170 252564
655927 624519
77618 268926
493860 919325
651492 539972
217405 791590
233025 69926
583932 941825
336387 356774
32051 628417
761685 711902
552227 42630
911095 922456
221890 459303
937548 183092
209037 154026
267390 666107
458124 98375
276363 339995
375405 193879
877356 358279
570101 111028
396682 818933
872311 924938
72767 418830
534112 14555
468098 965981
715190 942609
723537 365330
373702 51616
707447 438617
196834 633186
13354 477226
512169 795304
111713 835681
167185 912889
655391 234539
213337 380360
904873 631202
870892 90815
780688 751459
231540 945687
624552 582968
221776 79601
266542 258967
911824 518449
960594 103078
65647 474983
886255 487026
65939 232697
936473 505185
813337 100879
540603 170335
966844 419586
323419 549258
597057 890242
459354 219121
780069 264530
60556 302645
596089 865508
962884 737036
365494 868585
723058 571746
298091 798169
642167 560247
969484 105440
389528 742177
223650 680806
696558 538918
351752 872019
692480 923774
302380 351296
230936 169877
157230 183436
840694 149370
854226 757909
485734 2117
622404 833505
77762 452699
416012 577435
53252 651861
251667 685968
412314 344103
280857 699331
8175 434411
633256 490250
772023 245458
739232 676266
82065 158470
851567 324730
307364 190230
453401 749921
42470 593814
918811 510448
272850 28388
231317 210748
301580 818300
187220 997545
878319 629571
495412 793291
832196 888178
543217 956876
325007 524086
430859 96065
757259 320773
825949 4222
476967 739772
202538 402266
292333 776938
846461 371518
750312 67730
692064 364462
606642 175243
731814 676600
110969 744670
39648 758748
650211 855327
544731 601052
453574 640690
315850 109219
894868 891235
215565 145605
547980 247700
532674 864423
727134 805854
981118 549408
331921 537356
746419 91659
116737 930175
636013 697659
227949 788962
439909 282708
314112 803636
306245 662454
499059 949915
56876 900072
266334 463075
889934 460914
394767 394563
347899 994395
986112 21179
422825 420391
820863 493934
993825 784985
962851 446700
350754 606723
180102 657040
654689 368156
741 696856
639045 891507
397322 912702
549561 979403
224352 223773
405046 955118
90526 223708
759340 284992
442839 529225
243096 440693
849865 928810
330313 378330
97359 409334
333136 468833
187992 266465
94206 370671
453191 803677
601690 483754
329296 647970
577158 403711
413054 448164
469951 655258
828461 13968
516649 638330
739037 199252
377189 572327
196120 384716
956212 922085
223178 672810
35795 427653
82182 630715
877629 238533
841649 430184
755926 136633
372837 968874
89931 31945
244845 522999
812381 297694
338191 979507
290325 512457
374441 256276
276608 145836
855931 229435
885125 554825
665998 595542
410477 272786
513762 5793
951485 443789
14752 261991
902105 975947
598312 921124
617590 479990
295463 127376
622069 784337
130301 631590
417332 768483
22869 338706
285209 631970
80246 84027
108410 862131
726958 175396
48164 587663
843119 862038
984866 390304
668547 457759
7619 30672
566654 901390
459200 209133
811366 277576
394026 224675
658655 525736
467519 365689
622372 563440
605957 25071
625566 262063
896634 69154
536212 32361
339432 145129
213486 939589
410895 586818
798923 43676
180468 594300
614490 912473
465302 887898
277426 1767
392196 109116
725594 607508
373483 256730
918352 995737
817795 533972
919873 154497
933608 863215
786736 198068
73890 640277
742950 1893
658583 937236
896751 754761
977471 163243
118016 520639
382443 588127
447218 23679
668351 690479
39334 513381
820315 307243
3658 647606
337657 923946
206442 398649
893730 189992
108716 442107
425066 33865
612736 780350
568076 966545
680039 738265
508107 289525
126634 839785
235017 239103
36680 708150
816853 544950
366604 380720
49142 686950
588573 29445
403217 926984
208845 553702
381271 918790
261311 140899
766670 65414
632335 476219
245297 973643
848996 742141
823656 821250
825785 311530
678618 472740
698356 741848
164472 720119
141705 182705
347124 373402
577905 460770
459811 126105
213853 164444
486057 665164
918813 988989
216777 508143
559267 105122
278150 554354
37970 630654
208651 139884
919656 792232
424165 817572
543899 56171
662049 585141
441166 203551
223056 817556
170536 323643
163685 30258
46314 234332
562694 299314
557202 971648
655617 262392
781853 792279
288762 556001
549498 571409
391037 472551
192643 953305
482447 306589
685743 32427
596649 73396
673676 354722
204669 389950
86004 698878
235867 776521
562289 306039
260240 167248
654461 16662
270123 68836
84916 535531
296155 332398
344817 996651
62798 341463
461706 636682
89923 913058
487766 306588
420573 521946
799344 44616
794358 991722
334453 297475
908604 143279
525423 382980
257046 787589
568241 688140
412075 966344
839373 272461
355585 982889
228493 765497
109113 679085
102161 83348
240181 496398
903164 716712
244267 177149
728918 208492
487770 697512
121534 898835
263300 985005
945905 303123
481782 664593
471791 193270
873743 669901
546961 667361
516665 781367
500062 823338
650569 151734
633179 213278
963526 558312
409339 841205
581984 455258
487793 835920
707436 817468
294569 210665
165322 290535
651163 134498
708313 685500
489609 290794
771157 490498
256520 265869
469459 874278
752985 66254
911036 166697
287245 353783
721185 28328
121708 7951
175184 984598
546112 492560
170307 750177
926872 378094
521376 252191
460759 47286
551534 705442
272237 100995
212138 983028
796964 294323
442325 50992
357414 560842
822270 798234
577200 35363
784938 765479
224453 46798
915583 313045
775144 650727
249312 508125
832715 682442
75787 861245
505669 769847
366819 77270
690943 976207
294940 845093
858151 855773
31113 433393
678755 749633
632684 329395
554877 959533
933868 619486
118801 473182
5269 495384
282613 789876
130329 47394
436326 584062
