1000
921387 786385
397051 86557
674046 735111
521343 578420
169097 572200
251942 419558
878822 425668
839106 53559
143983 889200
440271 966779
141649 740383
887692 308537
480390 71345
518435 617559
252129 954441
463300 531631
671622 153290
443967 992161
453217 108735
767949 707941
263920 518848
847635 650813
819894 482781
352089 628468
392756 613930
685796 160400
872752 338655
172023 733575
322447 874119
607296 279077
542842 173690
925797 450243
100925 376154
961551 199476
1881 642981
712216 411996
626499 68672
927124 442920
831130 979170
868990 767633
391430 638325
317725 537355
59278 293178
456989 553852
274825 451394
786481 571384
483889 926564
719 907360
114113 715101
381799 513300
756310 803485
384522 500144
981093 354437
250884 457508
671411 23870
14541 470443
477699 850717
471643 511842
45996 301371
699250 508018
804251 41327
459616 32069
744857 802932
704211 326604
939653 854881
648532 535723
419507 759550
873025 218421
198217 878464
330896 988196
640755 553064
747060 939171
208915 921707
196871 764222
258593 328230
791186 875742
552805 372427
853987 660826
200740 304916
976168 505310
952212 821753
677326 566548
790433 843571
900893 384896
85657 727594
753236 573349
538712 176230
740075 410783
651787 508651
960353 186166
631398 191478
988705 513984
350651 776610
651119 81556
505264 373786
770642 863060
340596 648760
725766 696026
446741 872912
335743 292011
885472 650232
562673 351923
726371 457124
262707 102996
137261 710452
867929 684122
448004 412989
581578 469572
589326 529904
916347 707076
997733 687905
894996 154558
303019 326659
751947 48221
1336 584999
843068 636754
43078 955270
5481 104442
194116 530094
921795 344508
141946 316620
710157 455595
651008 486147
48326 870891
16790 20185
316935 897940
57624 868831
185411 580957
282365 318468
873444 572638
719369 726351
135689 769715
162192 882505
202087 729771
818511 584770
402285 173846
560484 623873
361314 170437
739324 650170
998313 470661
929980 335645
843958 316626
91281 259258
283162 946840
310140 696261
903799 15671
175992 768809
900270 497802
900807 716238
602817 285628
245641 458586
156913 640414
991033 164784
503120 559100
559134 229194
700948 522425
234780 668374
949067 815743
98373 284507
131239 97271
998199 502238
414327 903105
949434 333423
966621 811905
158310 782753
47781 956840
988563 747680
196314 970523
128723 659102
458013 832607
364763 642490
805020 795546
282694 523590
54491 660536
166773 520681
954814 181932
588751 850083
398980 272637
811351 112044
290188 74522
851809 678265
642644 354652
197676 937144
554225 312236
719725 760904
862963 780429
992280 105871
318445 655515
73068 964838
164779 81304
292448 683362
613246 159981
945767 103344
814121 805892
697964 144318
846832 421610
184487 727177
802967 540510
325207 179307
856201 848950
64324 946455
898623 593715
59811 746513
214371 907427
740984 690977
453824 904050
825537 659123
526418 376799
854684 780560
558114 849665
564181 945973
763347 999824
559185 399816
271297 317910
109646 470666
84184 302832
676456 553562
938957 188871
558604 168852
237916 462630
749788 137608
649242 908056
904908 969841
867692 402578
175110 223450
176010 294135
778569 756187
703096 324016
566589 539177
439268 503277
983694 247237
206940 756470
412591 276494
578274 954270
443497 294455
547060 366703
705608 773271
811378 253860
733181 135511
841533 274089
959544 134336
383717 688543
556264 926389
163886 984841
840702 837925
160293 542275
834349 460245
962237 863987
899926 718157
731635 346231
850329 340653
697113 844833
961470 546538
250672 143190
86000 83670
21473 32786
731897 739704
624794 601676
381403 529865
929281 211072
336477 29315
756463 420899
900764 311166
244866 579205
404635 691772
347771 541446
415435 691143
642490 147918
187174 13954
736238 975195
143836 40448
273198 858663
516859 397181
891599 325187
99913 609352
111441 348517
96869 120664
344878 607040
865747 242723
800378 271641
571707 656362
514218 101279
282340 471769
183803 883765
477873 631850
661275 452839
908222 325800
60097 962226
169561 160633
158220 459638
775601 72439
279031 847789
112417 818655
427182 872903
565728 659113
895425 803966
380132 733610
762423 634803
796433 76068
441071 854118
927918 433510
45099 375147
261568 599275
538308 176119
652002 768957
697311 752610
577265 557583
427732 768494
769882 350397
801880 30312
965602 738476
425569 534987
403135 243538
886903 744361
117581 201220
438796 853364
520148 229148
602602 824269
987800 104208
837601 975711
403829 683792
168136 889761
607554 662539
238263 741665
121675 185748
362240 296752
684724 45940
769890 39461
699173 438331
297501 809070
439723 793647
902315 651729
258197 999154
785042 325689
845760 955320
317245 21174
105284 900394
212790 124760
522363 412779
613970 190382
37079 136558
112728 682953
203280 570475
639457 605152
93608 251041
741368 709585
252741 101682
683370 383421
319168 577688
645061 333437
630161 611701
114606 849003
214612 503760
115586 201628
510253 350886
258721 554982
25010 41159
645471 162404
388742 292538
843046 409544
746664 750512
74238 505215
476 966684
98483 681143
565277 148197
524632 441809
63988 90138
637348 672535
456781 846029
856832 496650
335360 983735
627713 424608
883044 706040
704351 353390
295892 193356
513711 790353
688891 982380
470332 607634
146891 244822
630036 30455
643187 346020
50311 725829
764225 684014
312109 197593
52190 846716
583709 227744
268682 149888
980948 629617
649438 114643
172512 260794
466230 243349
812409 996434
99914 112334
654572 299316
300450 674162
685131 3998
713609 4825
240474 782093
837580 96987
484706 405398
690617 429576
520852 236022
699341 955581
735464 694432
295891 763849
486223 93309
311460 55665
134459 573456
759599 847401
783952 267207
807602 201799
807989 446361
748530 163268
617937 817599
481500 104123
365490 337053
689494 784405
389925 153845
961721 488064
234694 378260
253803 413395
313400 456123
633313 9278
729065 354154
730334 70551
271493 564695
38451 24996
528552 845995
931583 908095
582956 991099
604116 598039
896087 598730
137077 965492
869435 562308
480762 388960
287992 922644
966862 480645
642979 123592
942239 411970
961352 607881
275859 456404
200777 27912
150065 142507
366345 443347
976269 468610
38225 216596
651810 255492
221826 604271
898094 26620
765336 178854
544332 935280
463775 633100
548897 551318
14534 944399
250250 627858
912540 582261
241989 980588
795308 553683
135602 681985
261599 734907
395121 562773
214211 335012
39084 499439
736528 611217
510099 675868
99178 917561
974745 368340
133834 183401
958687 701902
550526 937145
45742 411452
419375 125740
631933 543251
961270 198787
141356 661529
897254 728353
616099 637670
533855 322294
750611 739259
460865 918703
393630 641233
768357 744085
33409 495676
21979 219478
28055 249305
627624 7724
793632 59157
976713 393069
720238 885457
192223 732191
931193 545982
586516 858067
459899 228855
888765 203913
981271 537690
430796 703800
546664 667093
493576 708648
43925 425889
729826 440021
817344 416476
169669 567151
218771 680647
182228 39303
803343 984976
58208 600407
126795 842342
694153 307390
508314 604317
470385 994047
79531 777251
322841 13985
108535 443707
846489 284303
828732 356931
411201 287184
996971 245463
318873 655224
564350 18124
116401 871651
650373 642731
790852 39640
458760 784601
76961 742543
152003 642751
122690 959039
738170 104055
764982 708160
121944 554678
891405 921074
269244 239192
320813 898556
11521 511080
358140 585250
923144 316074
71590 968309
218036 281386
311261 135981
228014 701322
538558 227442
413698 961683
589300 486464
119039 552500
616441 292781
935493 455041
100338 78847
197628 361853
917346 370902
216512 932681
175553 223677
450749 185510
321484 659831
601978 648314
856813 210759
434352 22954
645308 900178
752913 3228
757281 281544
916814 443094
104025 437954
950061 304910
677070 354261
174329 401742
541687 626479
668971 498504
269487 558619
53300 668944
672206 533082
601065 915049
308819 373022
40787 901752
459486 591532
875877 800033
990231 218944
613227 517331
845597 651707
881787 555091
931601 128122
717608 474888
837718 216628
486811 678898
866744 519675
714822 610208
955651 105758
909433 894105
38188 466941
483238 476302
456617 825046
822295 441904
702604 872034
350363 618974
453608 184901
501093 473203
150239 934838
270809 252254
774818 243264
35859 839806
257643 520322
828510 330863
191922 578655
46517 216118
514790 696283
438037 525907
519421 516826
973204 816588
561036 720612
696132 988014
441950 899025
553611 169822
744481 335722
307629 464274
881038 765351
876298 394525
923626 934652
258451 590902
919861 821793
753469 35344
678501 953345
634388 148933
157347 731784
319607 187254
153102 642529
61305 300514
261534 354716
153016 510819
477122 301203
454577 446097
959318 872689
466361 589187
594599 547609
561388 487791
922637 956124
435779 699292
769778 970456
438408 818570
62743 160262
444201 251471
348899 978882
224777 400771
335769 381273
844610 536680
117862 332386
772356 924590
532485 807709
904843 956506
975582 540547
450544 629785
230290 387825
220053 499240
915886 78735
80983 652515
380705 588459
935215 637952
827944 379401
87305 662833
820068 790589
627024 891558
79667 541771
268466 494904
117032 613017
988237 950853
397628 570728
467445 357791
223512 390384
372339 654195
773849 8832
298059 983060
765451 757117
68723 837758
365796 761107
627640 540128
311375 53035
95231 548313
973646 587378
61607 381103
85952 326727
146998 604754
747783 552602
910466 413260
161524 277318
774003 235850
847452 223133
737069 736670
76796 291769
754284 544059
105869 782769
707319 632131
89599 664632
999909 903365
206114 938656
797037 989674
435178 725768
610544 171194
358196 317119
905581 33161
366003 601168
672259 852261
562756 420390
800135 832183
194755 812081
364615 722135
656251 929541
251252 265398
578412 841342
165925 648354
586209 505039
680972 455473
785075 363346
807882 911732
326545 429512
547474 379512
362077 450501
361220 582517
93753 223339
871791 822684
513922 528802
8506 196015
109831 969071
614493 182707
913494 27330
227958 527836
635248 744231
961319 1740
685359 310097
998362 679570
932676 340314
265144 283212
974089 195208
32402 473364
850325 289679
213348 216379
418536 679996
488217 998019
914329 251955
58288 626487
497783 916497
821528 843228
692510 166426
103871 714185
761050 817423
705022 929236
189570 364406
386408 756980
296170 278488
673458 521247
537777 949810
174110 718980
503083 569566
493255 360547
803747 270956
911980 377355
962358 764822
364817 39600
655295 682544
38207 827263
373372 932021
182229 386332
549845 52278
891313 655495
367804 750359
465391 46312
360448 897800
996544 359917
603585 701405
528663 364661
670305 721872
443423 441643
830168 937222
247826 347135
544765 923681
519126 888841
927771 463051
905672 441316
297199 788383
463816 798502
582726 31713
83744 494225
833298 21729
963416 479529
392107 525265
852274 213578
149365 12399
357337 362436
140310 324286
94480 946570
809010 401513
791985 632586
90801 202842
877601 222043
93245 770167
537530 477291
194155 975332
969433 85103
225401 371599
607036 351201
5022 915614
735540 266067
407764 408864
692335 323215
518218 441612
976943 687179
866300 555021
718882 592815
961463 808912
708127 29072
942332 188660
311565 595994
84867 766692
232687 254565
384511 905930
132948 784602
631749 915178
140650 60927
228203 979183
910884 178091
527295 458770
173293 678182
312585 131775
650020 834489
257440 644644
357890 970420
162500 628871
847889 272756
794849 102244
346480 178480
489660 729214
746194 62700
390972 603200
159157 433813
64857 316195
952668 288956
314521 336885
274702 630325
545560 747923
236919 383615
354814 15387
291374 934688
83169 414552
154928 824969
181618 882778
102263 461233
499122 252522
593658 535821
621046 319697
19483 350797
496962 54679
527846 799779
506600 43970
78937 3847
907779 403952
475775 127186
831071 36571
807879 833030
50269 186146
585234 292461
904553 323116
505779 171727
683187 758989
899772 969810
190006 519784
317056 256824
771897 750829
913068 475501
366910 396205
54857 988059
408656 66864
407043 623233
179524 543820
274886 367060
252397 663475
757121 590382
705237 590090
561305 56884
774280 169319
200312 537219
578058 357749
962442 466051
837988 45264
717870 343600
49246 885826
147753 648138
798293 197020
636165 379330
715083 926094
853783 718230
382508 801764
343480 460975
489558 808426
362627 183907
517303 704354
889049 983479
983988 255076
999336 364920
35420 695867
654792 404810
583090 73424
383116 607101
547824 420868
119164 803314
999594 102465
391960 363536
795019 502252
464523 225993
539616 515732
730642 100477
713448 662266
381373 12832
828618 308624
432193 283754
441140 229024
533013 869388
953080 751862
792969 136082
31142 56928
376039 994201
188333 847705
143838 316567
282704 794865
876517 763345
594673 172311
785674 329402
490306 432309
578257 72753
101456 665431
14782 690099
830078 118915
911501 156422
891089 302850
20221 684575
878449 417329
161539 32393
84753 277548
702374 847293
391593 711503
533404 406007
221999 285501
237961 265950
801963 568365
970621 732740
227805 966256
990259 901231
213101 216347
53375 649680
936792 232644
803783 867727
809794 444996
307636 849710
260705 876892
303583 329250
687535 996581
433400 574052
770654 406885
335912 539188
940629 276543
792466 559784
735582 550205
733991 958860
640145 823759
959356 4531
591224 588443
984918 976843
534552 211924
318950 748251
75468 171723
686411 184536
53849 891847
454587 593124
102261 746948
905771 382016
928792 760029
152128 589920
475445 146098
860227 919150
983690 579536
456902 954221
32966 58162
201428 429506
66170 215357
110243 659539
702360 597072
772343 991503
881082 951283
502322 127925
268974 478645
336959 56391
328785 798114
46251 382940
309353 200621
697876 222590
95644 438668
943781 539604
904205 959337
467865 291945
556141 328372
710810 400041
174810 929941
334941 206593
451276 725207
46031 831351
825750 799657
