1000
613548 241247
298551 731086
571635 420995
793003 726532
898098 621367
732245 808340
9360 711151
883200 917585
77791 337617
28004 238050
657131 757200
180522 150471
402771 225048
512100 321264
555142 19897
977221 704752
914320 880703
806395 482870
361681 98294
243477 811863
12261 673486
894945 46414
120443 17458
252487 118969
542375 913934
776892 307712
836506 867544
67272 217723
339658 21816
534130 133890
955002 181290
699747 675288
494791 171168
48078 329919
147399 913482
567134 291536
867859 923835
42363 513923
228969 886879
126002 400750
108084 914183
151009 921667
110821 177029
858483 72065
468526 774515
714224 576843
630335 292303
459792 906882
436691 724530
685861 743486
16528 81806
226470 584029
261947 458963
878511 992437
230955 925826
532747 109584
154571 647267
754060 168989
234592 51998
910213 488477
777094 266383
556310 524649
254309 172025
697824 20594
942702 960566
301795 585190
350163 677455
974804 780386
686363 363045
983774 434770
16523 821935
750074 658286
687230 760619
245465 334663
352570 815091
983767 923543
604848 133707
315018 247163
761828 752925
981615 567423
218113 27586
447338 107097
529991 434679
998851 964190
63124 294321
231492 909115
206596 19233
972265 917254
44176 741390
183850 350452
931704 72070
274804 682147
504661 908836
109172 404503
288446 916183
793211 102332
285667 944870
949044 979231
822767 984278
536200 367074
970630 525718
105504 866655
399601 921954
817455 701682
373072 963863
76283 694600
377852 596446
38002 912222
778069 770830
232272 571387
894197 610461
529170 44649
845678 873445
639569 934218
769153 521934
399364 812506
865879 720051
690157 165340
857839 846428
570503 35306
481930 951608
840367 804706
224096 785380
130529 303613
590513 335260
995340 402596
603407 655543
451845 683626
93256 669775
228699 956923
5286 977853
755176 923222
878969 953870
721146 952095
882706 131702
779040 962197
400646 534694
729714 178301
535669 742007
802455 876904
362620 246940
938113 61906
61432 361370
281865 824068
50063 283189
182203 31178
683934 726163
36349 228261
773753 608801
508209 435441
687545 946985
43047 84900
89373 740809
689623 514197
334414 439130
290013 27246
210439 117203
360970 920871
623690 685776
257274 14214
768227 175525
704909 647014
357087 280448
47374 175424
544640 267034
849724 306673
369905 612902
487211 793069
149134 138858
312037 10562
269545 472612
970736 178243
243719 568835
222624 67561
602195 570976
28588 801050
312848 754517
341338 391258
22954 113174
504369 564968
545348 412541
519946 797773
795483 730453
716455 58550
813928 624028
448839 948466
255953 547802
909099 505052
297628 994266
329514 851446
533808 382904
510381 227225
771650 197323
822082 448078
710263 30441
442497 377227
973640 807614
964897 193589
314176 986875
346647 47689
665572 850177
437018 98153
807903 274525
741944 495755
276434 836196
197837 499093
34300 915361
875469 568778
398724 956691
196172 695544
263917 644152
431704 211317
430698 651274
271408 897323
849887 583449
502884 714758
474712 876270
632020 911028
104153 404604
366350 258129
504899 974913
771703 321235
310680 987372
202068 495336
214070 256774
470293 901199
277128 812282
57082 874452
404649 309270
586863 225980
780186 953379
109214 659473
151529 930909
522072 720968
681463 744385
249910 274826
744584 684225
906658 870973
165812 223101
676181 134486
452661 562496
20266 645340
988501 973341
692721 636289
287923 746190
633387 366347
11656 46486
110684 721754
420956 923162
407449 53548
697306 250311
239158 170908
209783 279391
497341 268193
185048 192535
955579 463015
632940 345331
661343 926483
286088 879836
878698 259503
155641 784966
872177 566257
168990 52045
330670 389662
683344 181766
36745 7982
933212 900821
367985 612327
167940 18914
508870 779863
851896 844685
151848 760943
187137 572393
830985 288286
316613 426768
320967 815929
332232 572427
912026 293056
28946 29371
615141 550955
621119 300326
505689 49788
689442 98132
235437 717515
742795 34099
188672 502511
937883 124381
608235 65203
503280 89760
265621 390134
973319 48100
244617 414404
64590 393490
169518 311309
955381 921997
207134 965242
357234 12866
378537 20823
754818 407075
893767 366311
641048 402325
352821 355068
821508 366911
213431 408876
843329 587404
609016 953880
443469 792015
109431 80368
761346 35765
375550 83971
494583 953369
592730 838671
187102 574258
549338 702307
894670 840912
615263 855216
289342 550614
809951 963724
432939 228956
393339 122135
516841 87557
237681 929056
244158 870036
476457 911912
435572 542146
483509 834715
759569 726573
681211 787723
742079 77795
179792 569397
574094 944044
388418 247002
623734 691988
450482 111606
821810 956260
977800 685405
641775 625018
475890 862241
638536 14431
335364 979357
903338 625356
347840 124213
523939 509889
59566 607607
101009 788692
8175 100687
985603 630825
119422 970372
599426 38056
956656 594
894548 227206
839254 33979
485474 538362
513191 93287
531884 948611
972559 987488
413918 555290
676639 627998
47318 498006
725019 439040
289310 261983
446099 169869
453313 538892
6699 301048
637184 900574
998840 151779
344922 334111
719231 749022
897484 740898
342694 814260
809119 523113
466881 599191
2582 649195
261508 30646
216966 774246
485993 22100
989176 991536
879702 157194
255987 453336
677228 300537
385632 935818
674207 780375
458086 158529
882242 574156
989898 245819
51280 207151
587715 622359
499578 612136
454136 562712
806925 496889
730649 912233
868026 188605
82016 763034
807061 807055
42777 42571
55659 895615
673644 418567
934926 753406
434487 259593
496685 199836
949740 863559
89535 443433
251966 5431
83162 774704
969299 428194
186222 817257
433819 54594
336829 986137
86689 769011
934430 218866
38131 239375
240946 632426
104933 710404
882139 739806
547659 993261
874744 844467
767685 446124
447679 664083
195788 526342
240664 789305
950513 833152
507077 819354
186311 906059
180137 953683
562960 892044
277516 113169
921601 164279
493024 760701
328717 793760
754401 68389
627254 802968
815402 920077
117454 787752
943439 395576
601960 761412
435913 432228
251654 124967
310300 30371
373499 91344
166484 559484
102220 37430
993957 828105
943193 711076
573209 540633
41621 138232
367730 702570
437307 44350
135200 655076
442604 338763
249884 858547
1035 707189
987011 455978
881970 763106
407383 497578
311167 692805
168198 476331
613497 922112
677309 724605
150817 830840
920833 88860
930036 829734
500146 377183
511975 497295
67190 289542
772 155801
715086 8529
386446 512663
37955 257600
214893 727040
739949 37688
743819 279921
36891 276031
520817 218761
423062 110250
242179 765674
381751 408580
639704 255964
157904 671805
656299 503697
810580 159846
180711 416850
246123 664546
463561 965276
784643 280993
268218 190110
311752 312131
327188 248134
477346 70215
184587 224365
495851 389589
641755 564079
115052 270208
1320 633003
494183 244974
717576 758415
25727 352235
979438 348062
638313 673140
309200 78554
723743 676567
34908 56212
34472 312237
61843 315239
777412 37700
879389 158619
704013 2873
824549 549581
722003 817427
495428 36396
561534 7343
291091 474486
169664 711075
609917 866041
554808 241109
291722 609695
944741 831666
862786 137522
138162 26213
806603 645206
138974 934230
351318 322122
26161 528668
157678 176341
211642 382530
609114 149293
149004 551816
394678 286436
398575 935736
268066 232559
724222 237757
870050 676400
14074 220713
919272 781384
394572 118420
214923 885702
729840 625206
643429 117216
296965 957620
740463 720574
139136 242720
5166 269616
424487 107456
211485 894774
208044 160801
907825 689472
978669 470552
948580 668639
101089 484554
589177 781203
865753 720818
913032 776648
645927 407040
987234 482325
599604 855347
165769 276046
132186 570528
565542 972587
890515 405607
181096 26716
122060 588363
382690 9649
468684 60953
644923 395855
686828 198843
179148 960563
786644 815398
305042 367047
398668 899183
560226 961692
11491 978
671258 198362
542856 909067
749050 613677
610360 84854
947134 25795
432679 254405
25197 325852
727307 24720
39867 58619
818748 859870
913820 611187
778439 877403
484364 203452
851886 511532
718474 689203
584926 737082
253123 533323
95254 83429
165315 354331
134132 730458
442870 85281
321410 42211
753770 422903
244889 270404
440899 707191
488824 434104
436376 330206
238285 996833
794115 792158
813837 601228
70113 831383
486863 271743
212312 838573
476877 983312
70006 76755
526343 240849
860583 131844
640841 836416
780791 814928
77600 823930
809436 552526
458813 384224
254621 382290
739229 513063
218568 445302
10669 403980
766016 825904
701933 543679
779989 425941
941776 168727
995671 51891
649719 730433
42631 255891
10847 250471
896228 737024
348849 785425
226424 205515
171807 810093
524115 11339
854951 586343
527226 215770
218610 455078
825576 563900
622241 262336
669894 835719
50560 431968
374973 925960
472859 646491
541188 426435
22269 534247
816054 194222
708024 732059
436130 977534
748818 283277
72674 407350
865323 745120
390383 166986
377179 403032
967616 812813
815453 818819
843214 879569
705888 860801
610278 856633
567345 583093
856825 468816
445436 393295
280890 162249
948118 445137
226571 433402
694237 679889
376199 323309
263921 380469
277627 973242
813857 863831
44857 107192
143968 52689
520106 445933
9897 857695
768293 826704
944406 838307
701361 547832
450440 258005
380331 981971
910478 816058
23656 837532
833895 694732
929681 255586
872363 769658
664946 567304
387094 481456
274715 147850
719435 622954
338730 461477
332764 354422
165219 728399
565238 337724
796427 823529
450888 697463
297798 522129
514438 896297
42853 786228
947816 370022
532982 338098
489760 544386
813814 231544
514645 278379
380976 219849
43082 50544
37858 487649
921687 244490
578291 743406
923830 893151
937093 293116
71622 228262
224004 825593
5736 471649
815619 381484
362565 235802
701663 165928
25193 158171
176265 214502
336696 240327
562468 773516
314406 194324
730446 983470
469630 907220
877920 96049
468951 781709
122704 490153
391727 169119
524590 24062
742175 784427
40978 125576
994272 224619
872010 390322
369030 931003
118513 664580
5826 159165
88636 638330
96589 802741
650487 463315
567326 471479
953190 825292
820620 594543
208841 564629
969541 556131
537519 202771
225557 195144
634388 585609
141285 261510
329307 929079
228533 451613
169503 446267
56999 983774
509830 280195
933807 177986
871717 7116
969936 314576
298523 652197
973945 74654
265434 894449
704626 421060
673424 478232
896501 890754
951668 830770
227270 734986
324272 151490
306392 851493
356544 229015
274072 121582
719921 412302
22233 497203
997218 697097
688468 451782
466801 752124
5308 689928
856895 56105
585597 964734
698925 962495
422618 348650
470812 231684
224643 32284
822459 399405
640023 223547
608494 922755
95858 162347
745894 94012
757165 473930
380662 898470
239498 22164
973520 149689
19596 722005
328406 471221
77864 440654
933354 99149
329310 809034
348963 46481
184473 8438
391503 849459
364722 538504
159044 20942
176924 407555
17672 180373
382011 625473
937989 910433
673598 875170
389267 202506
935681 188106
191820 920136
695394 375339
68619 308315
553709 230483
419945 9692
386583 700009
244770 853227
488371 861874
462450 946551
769292 841145
790908 229781
628196 143313
891596 266576
712735 542518
521073 194920
147631 492933
878020 6408
21070 213620
586254 532553
950557 658573
612955 466211
652662 24853
591687 622189
598384 59043
387701 758252
802027 517931
398228 339661
210460 638933
450562 67931
671706 122153
323468 761406
435123 964553
91841 889198
141256 325473
686529 866516
301383 168445
834592 926548
246116 653412
272672 866210
508953 163028
35557 49082
883433 650930
747263 766975
671656 566306
588824 354808
689695 105356
519317 826975
289269 409584
38291 193061
887184 705284
21774 737918
771103 528658
536944 95914
763862 430574
163 636263
168003 386548
71174 626489
550286 315555
992169 276473
848353 59528
883391 606748
543197 838496
820378 363330
84470 3495
464415 732200
240111 876641
756800 147044
665365 991605
674719 361298
536329 752937
140727 190658
477890 905616
170732 343233
618264 248710
559645 208669
109372 344152
929694 178551
155720 579513
701312 129314
533960 944901
811885 849673
581549 253826
673867 140153
423569 885544
549990 488264
105981 790638
656695 478133
420053 793129
770759 488352
416976 993844
20623 462820
759432 89487
526390 194026
545460 446709
171329 250104
242865 618738
519223 946644
80991 777678
827735 431153
291142 179901
984041 678040
611883 71276
412291 632960
458596 726043
330363 608201
117218 543802
204210 247575
130537 952403
29627 372920
387208 244615
537020 968516
185917 399307
549652 852263
717898 400030
941159 89824
22506 605485
795621 523213
34315 958736
849899 951334
562612 82129
176784 447546
877172 152494
628449 782623
9391 112149
196112 250908
897013 606386
980270 731763
871498 218835
3614 502210
386407 156773
603271 390959
416688 487723
216361 624788
554130 694673
332354 412095
472929 376336
996681 471718
842322 231629
685072 591070
294796 536295
943343 276682
315663 383753
638124 812388
610336 737570
897256 429064
642304 776510
922915 846589
401235 457135
846200 40844
876326 39389
176300 12885
175084 538006
860945 362113
834018 125419
898884 824773
858645 521963
997275 250115
474689 158636
719758 983260
478679 839278
408031 438623
999570 404919
978260 820508
414429 12034
274484 230013
643478 760082
612552 735865
938796 41377
4418 28561
354376 248156
709382 810890
901263 798772
110947 328826
38732 192016
239416 628735
461552 573929
837685 915458
379558 221542
368842 153569
889183 913563
342656 726701
901940 148503
668087 476555
337405 372379
234387 910107
409044 122766
347692 868781
681289 804492
805333 878781
498946 382177
580561 71919
586321 785556
543045 175125
248123 205918
669542 837720
435213 230074
668530 406684
544364 649492
564287 832216
302774 380091
331282 872347
507921 690168
