1000
926326 66540
972914 260813
101304 93452
691131 54123
828675 479322
141648 929162
495355 81892
840231 949779
19800 740251
379092 453636
567204 647362
600065 472342
370543 792784
138781 612404
121248 397797
396483 464006
438570 786220
960065 922637
783315 606969
318139 422646
213196 762081
11719 713098
76022 680841
297632 410537
858871 531781
321016 711421
614364 188368
409192 763830
934620 428759
712349 267337
494762 923808
666751 650728
73971 256393
123217 286985
744416 219574
114425 994922
439182 659671
176045 16436
850497 959938
462778 966240
597573 386350
612726 223864
11260 230804
692661 940434
849058 505998
776385 304066
880647 870390
361111 165392
559008 117659
90925 324676
504656 333413
47216 144157
326075 768673
830202 467967
451717 521580
639158 439030
62357 855532
315362 338279
899613 172047
427857 348056
191495 773959
611987 605810
779873 27937
741650 599893
296117 164054
745235 285509
641607 225851
473608 37740
208194 592944
925893 919002
275520 867215
788729 394546
259475 404816
599174 907171
704172 928042
673552 709293
792679 714179
15541 192408
799474 526057
161036 813728
321722 646491
795317 430552
342498 721656
756003 368443
961100 991153
800961 702780
98290 960276
377382 751281
948748 512870
165148 92242
994560 308562
362348 92943
82747 774122
47003 96081
453881 935807
234346 364111
282385 41047
858795 446358
405605 186974
571957 749818
449557 843239
664825 32229
450019 784974
361986 953653
733387 25774
31129 188122
620964 829797
627255 197034
509709 287644
336365 264296
791188 183668
866374 780078
505240 962732
849314 63868
147835 265333
208455 684944
456588 353897
559455 128487
692370 330736
242609 63582
641876 197696
663529 53024
760668 377890
853075 396378
822962 401875
296666 518728
535255 107810
832173 451808
127068 707029
58044 494388
765195 146745
687203 828823
404735 838603
457268 747129
940108 967921
74726 153732
107646 369042
357158 637333
111535 2624
23389 489281
402706 423477
711809 106300
547796 374844
643455 602629
409295 750441
806713 624051
745935 275020
772319 725265
366863 597964
349719 402096
647289 980026
700661 453280
671677 363298
722539 370597
185612 364127
906845 500466
177226 101928
444803 955434
722517 684373
784591 735152
170229 703258
613586 114030
344524 838699
829016 688485
119258 810840
574062 22175
493872 451955
795200 989253
519181 201433
652548 482412
735374 453473
32691 50219
240449 664689
679387 595622
561212 659741
27936 614999
52630 600154
636246 72770
518591 993250
361957 899858
967402 128146
778608 628379
649810 248343
271031 863733
518916 218526
139254 396874
401090 976170
813830 376581
564572 957414
213241 616580
286946 444571
946693 149759
832013 37283
782571 992153
27801 146165
934634 798570
237479 416016
459489 612151
904143 360251
509740 579436
114403 732100
45633 226734
170062 268896
427208 290818
401125 39774
302665 238869
474738 273471
623074 217571
262762 876517
929657 59881
473312 823078
308279 361401
811932 59828
671247 198223
365881 764162
647436 56829
676512 367007
613164 887112
175101 760380
773096 832357
34995 544107
169825 874593
994972 363589
436971 12400
579586 313932
507918 246783
164156 308912
87287 808559
456689 4196
358921 457194
515634 441724
778095 460002
287758 195758
909854 955350
165010 400972
298537 935907
355926 49437
716937 133167
30694 843893
298344 235283
679412 728380
799640 730293
825701 702559
639845 467051
545576 405556
804203 859599
349520 61291
596154 276479
589558 57097
110837 134834
614753 721609
395004 826613
856213 482271
56116 730358
119222 759035
662189 25280
524924 746299
57213 831741
164241 991222
58937 662074
55893 314166
385369 784885
413572 966962
102309 82820
93406 439836
635646 709639
550451 860806
478883 372894
563770 742514
504081 232338
820575 460520
405482 446453
25108 391874
366287 860763
157725 299964
261748 624468
813899 504977
491660 386864
691370 164047
592183 526480
72512 146545
534328 210994
464278 396668
446566 909925
884137 249921
264208 963331
885015 780970
154841 702152
171762 96393
622306 95102
422336 462141
104578 454545
446132 578768
990952 505153
136576 268886
605044 869628
315557 502032
808781 651792
434892 766228
596748 170135
978960 656602
484308 354158
540067 180020
10957 302327
495620 811444
805584 844101
222178 339517
584653 966296
759417 620529
212843 275478
570149 621288
317056 646387
917361 565929
340335 944988
137196 641848
120250 371898
488283 647524
667866 379328
598638 501665
297771 286483
485044 81889
223066 205999
647624 524898
858443 847381
330286 246169
542406 587306
254948 147590
434484 12706
179008 491775
903860 879218
985825 582486
921567 814319
231498 347099
82388 995934
361185 527806
271690 923336
784785 422622
550294 700441
457646 105908
294573 63000
51767 960792
599734 510916
971679 362381
324170 790630
530796 762704
549224 575893
314395 259245
922733 287245
391407 474946
784986 698001
772101 236439
370842 273215
347344 419012
205613 332369
506224 807697
319094 758437
111412 14747
434457 397520
292763 619117
248713 742797
470867 51916
244708 636663
766419 293678
240648 391047
625304 232077
900022 406622
384894 645467
240791 776484
357153 777657
102707 361106
578619 68871
637116 211260
252424 295377
612783 892953
213388 409526
569594 956197
49060 539174
561880 561785
322993 271072
297451 516985
516490 293770
658503 633770
523315 445240
863112 982554
671440 500423
201699 768774
849017 689900
364191 799242
23175 395094
550881 611085
640698 870352
572978 979682
878319 271669
567439 201796
328805 860790
259261 69801
307127 391126
41770 563648
664799 399558
110371 487164
437706 864552
64124 2686
666191 371906
599178 763484
599592 616772
133749 727897
598737 467189
761677 181471
665712 651343
33477 98866
322470 676552
763820 703250
736391 957253
82950 591444
294969 830439
348812 724948
228267 98903
731909 576659
335304 927513
391095 403329
136236 125270
214560 328934
103445 51292
620068 754318
956662 252778
327750 812978
846478 872762
261394 367237
28060 110813
227374 126046
346777 701125
797065 426619
459715 706698
64624 180628
758931 470048
723497 982575
108043 409060
196135 925129
14539 119185
437459 954067
884509 155170
610445 934472
289407 88291
666639 151709
275613 669695
379129 328984
484968 698268
860449 115696
638726 692670
149050 775915
547086 739723
724622 967971
942335 642805
813430 97164
88437 281291
289895 735376
222814 436081
502779 447430
540454 143962
125447 395846
594631 875598
485598 60706
285898 852790
413473 221752
213004 232728
761262 299605
563105 752458
742894 857324
588449 822603
324635 368819
859219 175561
738613 330367
707478 271188
933006 569133
290217 136520
196080 266282
400559 468484
887201 309655
952777 629497
371366 855231
92023 538934
874155 270544
381997 103247
797589 185212
923050 612538
968158 594658
374319 270838
128294 497150
25741 105142
129850 660699
955807 519714
483230 655381
688144 837583
205355 327657
744765 148398
424270 793677
569183 867331
279339 259694
867427 828624
710598 184548
934183 835304
520576 815277
942999 255446
757567 586467
669868 45655
513790 224621
229931 284991
544338 548998
778383 109767
119222 453749
197475 830081
703175 471411
349277 796466
627663 432503
768604 71347
990760 829195
500940 720844
459614 228297
986111 538379
662100 714989
851236 954600
147378 292704
820317 539668
723683 877666
151444 337873
590280 131835
942251 544356
260649 272604
237256 872898
739956 588378
247528 7978
718823 535957
469958 350675
230162 857618
851919 332266
249979 42684
457588 796895
140401 359533
542233 806831
361618 762956
504263 229839
806602 240343
559344 434890
201574 453487
218002 827903
415606 120962
858691 265956
118131 400262
60581 752889
349668 680694
962032 906397
289742 825667
984354 545166
381475 675556
659832 721983
730659 643343
928626 35431
491890 812258
424812 279932
535608 891628
14904 428212
877167 686349
149419 357785
659032 535508
745403 395286
436359 785181
121332 860
576138 673593
381411 364983
914339 312267
119021 302547
906781 56272
33356 140712
623948 486722
507715 736110
183167 536722
818725 376949
754600 733466
849575 197009
543521 387389
94266 459664
927259 452818
926449 731021
824650 50064
274886 739150
992357 215303
99563 101239
961093 268806
728792 762848
518538 550467
803650 306273
327979 475338
170683 550120
274975 21970
28363 214813
371789 680711
841050 300067
249312 288472
460196 464137
297487 273533
104798 17343
836872 53899
721953 632515
173402 349063
704446 579663
890254 3025
156317 851944
627074 994772
829966 957755
51782 613177
621915 23919
424774 581800
359838 134706
341549 157911
186729 507506
654281 321325
561491 737316
49621 466480
50871 481500
745873 286813
506695 113845
58736 272938
661232 58984
522569 212772
828551 40813
890308 846579
266129 40399
114860 503230
625710 661006
45897 230716
257906 568753
402577 697529
275318 702386
977318 200464
742964 604322
436657 925894
579667 828569
768857 933621
761630 374785
674885 570399
470113 411592
180068 325355
821480 257572
20463 840294
758583 709203
876700 444075
63279 937794
388870 603758
111110 753555
388641 42132
4558 743767
465788 553470
702042 895290
51190 951769
127246 975512
604260 710947
542786 155964
146952 778775
294392 480086
117393 310949
307285 55553
109737 306425
962775 447638
74002 748955
319708 675218
949725 618342
372521 5643
353244 578625
827015 467182
554360 5163
380343 877363
418201 767810
179010 328816
978805 93485
37569 551492
270236 840592
790320 385385
143078 860277
462812 961023
565572 817164
567489 571772
889118 512412
606055 995950
423933 496433
320778 151138
128370 917528
703941 599720
698024 308104
189934 445796
985838 183342
863983 144683
448750 167374
217381 874752
544339 931644
20679 290891
868424 730501
14274 833401
349471 184789
573656 974337
261883 882002
474216 446334
773215 588053
859090 592478
133217 788719
507072 600029
603951 810518
651125 15454
915387 13540
40327 100388
954487 75222
45467 322526
688032 785139
482335 104465
785359 95328
434571 539896
900381 273868
331131 651954
922897 657544
403721 316913
569640 105113
500416 237018
616083 15519
784006 335082
151695 769740
46426 865190
477440 616032
806157 778911
568809 143471
268286 33260
267925 638714
796760 615862
734630 332954
709594 793807
678248 599156
932007 24839
647242 539917
765481 591709
278298 439943
827932 19280
675923 241569
393642 359786
80818 168806
32620 273509
225808 338963
441289 195929
325176 417131
206082 383187
779522 74572
651823 999357
921380 475382
685161 537283
185164 688719
386615 681430
842677 522890
893072 72865
36942 188153
259696 565877
595690 167359
635050 563339
124371 109895
709044 135226
64591 176049
517389 581095
211406 613791
180210 720423
803962 946806
984386 591791
663349 945119
765669 916896
667443 147303
945947 11309
571436 977686
878548 295980
632340 463765
735427 771917
415496 376327
873371 581820
407354 23470
151960 846887
888763 548432
7971 295840
198742 324974
843484 225509
988627 745632
314797 683454
293105 329463
497888 826146
720999 116448
229716 791352
463218 75476
469155 66765
855270 521378
956898 309835
729430 87722
578973 875135
610413 169231
393943 645338
340705 626937
19244 81644
749473 292200
460899 385457
310286 832938
62266 499468
256805 889113
50274 553870
829888 740444
175166 198311
846263 883920
400320 598970
20018 647950
605020 304369
364139 737126
953290 599090
631090 182301
66082 375857
744926 641948
195535 706978
232483 530427
358046 866181
837554 714054
570663 371503
390368 717900
218271 747001
583201 553780
947761 816196
816579 115518
108078 263071
309647 902099
239799 129156
673329 920219
443432 269336
773289 187553
722591 589114
691696 538210
397981 301517
649414 721191
950177 704771
288215 146642
971976 621725
742033 501106
295112 876326
791292 414182
352498 484464
768853 627865
811022 444788
489920 438573
514826 915111
682113 255358
777991 314827
478874 213963
116459 608883
824067 728687
35805 304567
173454 659044
223751 680217
218561 577849
38803 90104
138621 259069
998276 897941
460349 412546
695857 101958
236565 329456
297893 349225
764921 400768
192858 809594
898416 859742
30290 85003
217061 300977
993096 849486
47582 385974
153945 915896
514607 706017
292963 68973
457778 520145
958380 557446
63105 336705
85719 405898
379355 385907
311706 629455
924874 712761
22745 724987
440476 115188
395877 423373
318120 102600
333987 971668
335984 176562
648769 700934
351731 797900
353871 628051
408362 725710
376846 968697
913080 438567
108219 496966
38221 514926
728307 660324
673310 94096
910935 692535
494944 153101
970451 810691
45984 767682
38843 712492
274619 286038
256225 867494
243167 500895
266600 5324
691856 7041
326346 519685
297817 141352
928260 343250
105463 122193
190392 644362
598429 657951
842100 180167
720512 275358
271791 703675
405319 155407
830629 706687
32539 968371
163092 890786
839276 658699
945269 880170
13927 225997
214693 999357
361180 791900
390056 123699
666262 253518
931019 865807
57794 950749
936488 146547
841072 622554
494544 733291
318707 490043
605919 224054
257740 637088
461019 734495
98236 449023
914773 781741
544534 46379
144413 727981
246897 976800
220408 437190
936388 658920
496853 644403
401355 237192
316071 283884
356674 314641
833269 673846
88744 343644
637063 172249
702136 402389
561853 966310
222252 351537
376914 390658
814015 830678
4163 604571
729387 313471
650045 489242
737828 788792
472604 602316
784050 253184
102957 226035
674629 757662
957138 269540
427480 808306
11848 818654
255321 990331
95707 511650
275937 442821
883116 724344
818091 636407
368298 370981
681314 799911
332773 715828
234259 630222
430827 279178
315329 598684
986552 942805
670216 594709
689137 927028
928078 874324
404370 992133
344707 921680
203683 95330
173608 645947
565045 704859
718171 439206
476485 997372
639862 433688
534184 239519
452820 68300
489629 936481
446467 601355
72625 842983
279503 54439
712606 556308
123255 916347
914506 886205
771765 499306
376022 173030
970199 17088
