1000
304383 614677
507261 8406
242350 813815
44133 172105
384171 703184
483023 923473
517042 453144
296642 246145
444397 96642
793086 709938
927624 7614
324214 836398
815996 212989
944088 617656
649564 829138
321441 877648
875489 255215
405142 768395
121555 179148
450218 313779
513533 562672
332694 851246
430074 671293
767570 834724
341323 978180
204004 427396
806309 641897
220478 938824
164434 349867
127049 190393
564114 179753
130870 249159
840654 484516
638375 494573
355544 308447
4812 465491
376100 115718
888842 354093
887373 228517
486799 32765
496466 800205
147090 54771
158943 624449
327270 640349
596625 485236
588746 797612
822957 959190
112597 53646
249123 667265
565020 611597
985828 577595
429227 905479
762709 37324
50919 611755
439347 463496
579053 512255
745644 255744
236857 858308
487995 641299
498423 620636
684309 458849
661221 464673
950066 177137
325401 489487
870564 832161
581315 993223
30046 718094
332901 238615
914425 731384
228029 124049
311864 338992
991513 110963
358504 381825
219800 505489
825067 755036
347815 776533
320220 615430
779812 319316
284606 694327
241772 387173
676029 377377
229152 312538
802241 253815
969360 893562
709175 717607
377232 262800
344437 855936
843672 282037
60787 819812
716468 695125
473342 171022
500278 847833
9699 25574
765794 264724
442441 206415
371978 380507
363471 460357
218884 344935
944546 846791
933078 513400
778756 443804
900668 636723
567327 428732
340967 803108
991826 113739
148079 319882
497042 600152
238681 457034
94948 653248
988935 56598
464069 995664
450541 299493
914703 793262
51744 175526
538372 159266
215697 347982
58364 467631
725008 439941
493006 653075
559653 94561
512618 34725
535734 943057
378444 655905
566766 7943
868333 766999
446854 492616
106630 263749
143001 839738
77707 170745
924349 414634
200763 638098
722859 362897
179468 358675
629202 986324
915621 161644
657287 575939
100525 926128
186719 220816
383708 777083
927899 762491
370886 872170
515538 262300
171473 595481
747702 587764
86598 933717
421386 498081
561501 530939
119055 721145
938648 156920
928138 253384
73796 638
430292 365920
620744 806799
643092 780975
183916 668404
595635 917461
401943 971863
392595 139671
426757 270732
660742 975595
226169 83156
586829 5962
567332 405019
573689 830572
133708 366120
612918 119199
54802 618532
705370 904262
886864 705923
405115 383445
995804 27981
238179 252131
673223 840331
523960 246674
232546 288626
94744 909584
731583 999127
255681 149879
602774 132417
341648 605326
719343 318167
217100 555380
699125 78512
749505 250981
619018 749222
318763 789912
971808 59189
378057 661610
6019 386802
907966 361374
486145 632283
638576 955493
244857 989463
393119 637436
992498 183373
525899 617509
594818 680155
231417 212104
694518 95607
709810 944023
598379 567808
408863 305837
547262 769205
482282 308163
638637 846592
92194 940799
106522 337297
332533 697368
183341 119645
972143 551827
308682 334458
566358 287552
663509 807774
998160 551146
833810 601621
919440 467673
32152 928846
274736 685552
927596 753905
789159 794148
58131 47865
348923 651311
456216 82689
799338 101140
193551 798086
48549 279147
865902 784359
464420 830713
169178 221019
957245 258814
506279 378299
880525 495921
651163 355143
595589 328467
904775 814131
757536 421702
895261 425027
320383 389913
718973 930524
248414 76091
712388 512216
288294 795533
580303 788432
218460 193041
811728 770859
763793 618559
274599 383488
276878 954979
887586 446956
543975 17809
894660 203600
543009 527001
529319 522281
337501 169949
641397 261100
838619 872221
357109 653431
903978 553915
603816 134005
626009 160614
445826 858106
577223 399960
596919 689987
46951 618996
622340 502997
88745 625998
204457 877543
962748 485790
637295 495402
269791 542587
464294 785147
45176 508110
405762 676844
711556 132459
179694 434721
224875 786277
587950 839133
608184 635568
654479 774743
225462 216644
277937 875926
105929 772793
588164 672122
562031 118781
228405 30917
143247 844148
953918 916378
4746 569257
694278 356332
881277 928496
698637 71166
263951 226020
79385 896195
196168 786264
933526 712642
890981 48475
95192 780329
793403 633330
66642 10956
7456 35714
410236 463567
915800 293479
374808 637528
919691 981267
843377 464310
931848 711471
609755 576521
181835 937326
42011 455977
238723 497833
719850 555219
975821 208518
452251 235404
777188 454656
892234 416466
732343 750202
695093 850042
631869 767138
747926 848622
818465 88187
546786 843805
363337 581113
760208 306088
355758 898596
1441 461166
607029 904181
822578 74286
17171 587279
778572 872192
848515 541756
192477 416361
490691 383236
35338 337477
807436 654219
598777 920094
452493 85220
510808 353462
138885 798028
228406 307343
896595 927219
220187 602104
333148 625443
637544 994950
644706 983751
109516 535522
970732 292535
740528 870632
520536 998871
812612 39055
740526 343497
760466 246066
36650 913345
123473 610736
47928 932386
465785 350258
797364 700848
672444 563026
32498 969123
343799 128271
164517 536990
630280 514899
631320 428674
428782 3868
553336 75405
11261 329194
860844 254601
90985 344497
899797 610978
108544 691932
2843 737469
52171 816494
489798 648616
715354 197058
280329 499158
689476 549615
697691 94047
448002 754494
794761 28547
937701 127850
401031 597496
96286 87910
265401 685485
352833 526615
475287 796353
185261 400312
544492 538937
564196 98449
387555 665170
126182 350785
51303 494120
138494 803807
748973 495416
145900 368310
497706 238728
921672 208674
8300 856183
768591 102647
117325 709841
611452 801941
413352 941098
334956 502632
959346 248343
777354 98460
336681 271692
993154 754027
285736 156258
503498 288342
707120 650602
8520 373664
343377 150513
648327 96866
689948 661538
836870 685409
54191 202455
857388 890371
810582 549801
663461 651983
833847 574007
977125 322939
892111 715370
252500 490929
423962 31808
615655 418323
329928 277347
374150 471024
70388 711722
296245 186995
126615 373536
465746 563489
241921 557556
46581 830742
272930 198627
662024 676717
971295 312879
834646 153864
254665 500234
387682 624688
72770 440793
218088 196310
875433 639359
835036 47695
942318 797855
947910 615061
873160 5152
783612 836634
299794 540242
310440 893411
829599 584691
256890 39944
546960 249297
142930 973971
386945 256474
807531 356001
720345 319443
224462 389475
165683 153734
647011 353603
503072 716194
534439 994565
906440 834429
694440 522638
604718 514084
77123 218297
445745 803475
885294 617620
706952 745017
833314 583416
877443 722233
342505 260195
45122 983931
462183 485366
822166 886599
349181 479255
906968 656261
897494 758382
592023 211176
480021 70164
892251 406194
443305 925006
19889 72088
191567 888415
554021 739616
69205 260567
610440 819676
83169 441697
755454 394806
274732 922741
244089 699727
134727 447505
957381 218458
445180 236349
424698 655426
390745 456049
547787 431659
934198 104343
541640 157793
916004 648770
340701 585095
467426 811076
640912 735068
356779 792860
553262 127900
327770 948964
747446 362088
438527 324094
44742 383623
129719 882207
890272 780679
636374 965014
79846 970007
758265 409565
510670 334079
298017 674985
997654 477492
369105 273709
93769 641364
633476 724085
454001 455618
962924 125496
967206 454991
798503 293921
906236 713035
722525 32411
832593 457975
918387 354247
689473 143226
76603 553152
622585 745982
813898 983376
584664 264555
253611 862859
238739 172684
565726 173613
16427 31628
705708 782632
790047 604912
244111 24948
590194 650767
998005 761632
144210 966451
887080 548492
640529 62434
191955 960196
121144 468424
835070 383980
221019 192301
113396 877036
840914 100675
212237 235782
234025 490871
437518 148541
970886 657768
497473 859057
472454 888217
118978 797324
540505 672821
325468 913516
539452 531138
874315 777442
727921 851113
640823 829018
584209 507925
925356 483887
283591 67419
334635 651880
525849 137226
788648 548711
395211 16310
928823 667301
24197 635300
60579 29243
801 633846
905060 803815
753504 677800
882318 763709
712893 165535
426371 381745
446247 704515
85400 433161
374976 856612
531349 488809
58837 275736
401720 213558
908728 760363
381851 958791
218610 62425
208506 983778
944168 427248
230458 412701
30122 664004
904303 368042
614806 970396
413286 400444
316831 729780
67471 216701
229267 857879
350229 13948
854093 831642
452330 588052
964462 691578
829110 898151
579260 672898
588336 235401
137537 417794
389628 857871
295662 780731
75905 871806
6627 171030
588444 297505
341753 843502
144686 693915
141729 639575
254456 208454
80825 79296
797257 716915
811317 278774
710564 985290
983216 319322
307749 897597
483597 218534
43252 956520
486148 656638
152179 472387
545409 404196
41844 353676
189308 678946
661843 808998
513821 920720
531108 853173
18055 829462
446377 869345
76844 41610
804458 213003
191489 802699
83620 504625
743436 274578
736200 800827
347561 249594
491861 902664
778617 148668
169837 390982
635738 304078
225700 857334
605257 511994
291140 503719
472025 59930
759006 457809
963616 647882
401445 858103
853231 763819
229791 798876
708125 981893
470179 433919
402794 971550
521974 571423
258759 578846
48332 412324
194867 85985
741796 413546
607807 890801
271475 714804
722730 159995
403872 975446
553298 812758
539371 853808
204367 35681
449879 749140
408901 447481
721499 832600
360471 203096
508290 627858
159788 841064
237539 951690
72396 227378
985042 971285
535697 498487
999241 601615
666197 435739
726324 563150
326460 182872
937612 422867
824494 68541
630482 998271
285483 538843
897636 772090
427274 617280
721355 707897
680299 62853
557329 712180
116613 409306
759704 442332
894185 561164
526801 644565
945190 573350
623392 479123
161813 228318
118954 443452
973473 113857
364914 942136
296065 869035
576443 304374
965131 70124
29845 256775
69953 279759
763365 421523
466046 459789
209166 93268
677887 993525
846282 419726
875350 168652
51294 941747
737893 695473
727842 613917
369170 575918
106711 709221
198141 509102
921947 375217
927080 767364
16013 622355
518417 574649
93812 501533
99976 174496
717286 739823
62630 892157
911479 840574
675333 485867
765417 989139
694170 831204
11735 720329
618008 400616
569631 378330
719731 952961
519906 704211
454762 774925
275616 167433
817159 834417
794678 277459
253348 755851
994395 914914
891325 976158
429511 979622
745597 870076
975732 110647
522870 637017
741303 431875
418840 477838
733420 430481
788539 224769
835169 161817
6605 494519
717330 675644
91764 13643
7508 546988
379140 442305
60733 87723
751725 208045
824401 589248
249036 107759
291936 325889
613320 791691
814711 774684
592868 951777
311081 723949
921025 766522
848818 105942
671392 387543
56569 257692
764825 671495
795725 707392
33182 977348
982667 796586
367194 32238
144662 424207
160258 474220
905144 181757
389466 330720
946142 921352
514257 820639
572345 460840
432988 834109
189039 14129
443693 849569
186324 732955
681664 68680
691352 418026
202989 446443
31159 753950
24829 561730
503657 224225
112611 8800
491222 933515
343466 793308
142176 833528
493275 558522
751412 812771
852593 573655
352281 639076
121561 456219
98322 915591
771796 504952
862546 790328
629806 187220
909451 565745
193371 454568
233095 311782
146966 664912
916794 336761
574442 729528
662406 78212
453922 736255
137644 665205
372663 266122
204026 526199
570037 73115
940775 720275
120587 513483
280027 654624
947602 249263
56487 981395
18086 949328
810627 805729
635380 461613
845466 898784
502380 689206
363291 158609
114943 791396
79845 241717
366529 984063
61937 380962
938389 252694
783073 750006
918960 106216
176357 632423
336604 364931
469271 966209
929312 972074
460508 135841
823038 794602
443443 909905
492681 348211
652057 780714
357116 52124
447449 484542
970462 544009
479751 384765
911837 544027
834922 351563
818718 984396
285307 266857
940896 457189
378407 146570
131371 565255
422769 469156
763329 737354
200252 722639
216482 683143
846029 302146
240054 68246
573131 403649
217541 355878
979804 177308
494384 238267
509535 695768
218392 274563
215172 828870
702266 491888
332082 37780
83870 94713
533121 756701
773435 896965
311361 802184
160083 610832
436438 131820
360524 787220
357123 903681
945232 941532
287453 909424
387408 52133
986574 873082
116980 128102
978985 39571
436762 46345
805698 734501
717046 455584
826935 452049
580540 630268
469343 579622
82054 622529
637311 928444
329128 228954
574480 108896
444177 370897
379963 478505
700982 380029
9732 19984
971794 730799
157592 249193
330804 797458
285916 42174
264623 841148
726012 862778
801556 227887
944477 463292
397087 847235
999856 50534
783884 887343
423351 343040
126052 341061
535499 450054
911320 276340
670417 869473
871607 108464
598737 661017
339428 809641
244925 624965
751944 556939
527159 233430
365194 253406
817774 115020
155087 626217
286125 694220
426573 66329
612061 217710
878498 796138
361480 758269
545405 221610
4218 400646
51513 94003
159915 903616
985418 366005
646094 198959
351025 21149
840562 509517
268321 88792
215567 377443
197058 263774
833555 984323
746483 968629
39549 942382
492787 811398
194257 655400
561164 860548
685157 653197
549835 563370
264801 663108
31013 627361
244210 779722
182487 295930
129201 877482
208604 483520
238818 627170
376937 99715
409878 487253
308979 739129
840723 711937
188410 522136
457122 121556
963860 219031
947477 109555
642877 441757
322542 386288
740662 475245
844007 798223
252141 184449
895782 761164
480180 86865
63232 725314
636684 195683
827126 392416
7831 956222
569419 913396
788011 39004
942342 347090
530493 826840
829173 206950
237183 526974
488660 796929
90670 846406
338666 648530
688752 278133
668982 198523
855104 861812
574327 741051
954000 507635
159196 10525
428491 873565
537458 612475
766834 206043
836254 489082
226642 618215
763852 579603
872356 474625
427096 93731
14749 130757
746793 779460
738110 826561
661302 55313
842672 832763
549522 271548
14475 776926
