5000
412650 673326
447185 37628
343425 691448
83453 6297
651258 285692
503899 881073
591651 932884
690057 471510
498690 356410
924364 958989
231974 788317
725447 271759
540438 211466
567463 672193
433604 635944
122826 848180
24507 380462
929518 14191
117415 127488
33328 116105
176578 333293
635127 922767
490473 637757
203145 286614
604954 679412
667632 590155
77861 961366
658737 448572
170860 418942
360868 326672
427188 419654
282877 149991
53389 227315
259003 150131
310401 612541
26869 754753
630907 258914
605385 148868
310006 14387
857865 806935
207647 336600
152681 788795
633350 375371
117941 754380
933104 618524
960575 259458
923320 808350
180265 530333
858296 618259
281348 854861
270077 934581
904437 402045
905863 634666
367758 701129
552173 486909
949362 622568
267644 405878
282217 884653
595220 947381
598208 621490
944072 481872
362052 257703
961780 798061
742216 810873
74189 723884
903258 737118
251514 216485
620793 604528
747112 624220
788498 937601
616858 757503
538753 748206
236254 779959
586349 209821
996903 107967
565466 239075
270667 133739
506162 712129
348996 948871
547832 292473
334255 254795
630305 363407
674077 659775
649727 322648
73009 563293
85595 577793
315322 785644
217537 358923
29065 443669
418383 304016
502850 523405
818680 900292
873012 901642
931213 806938
284618 999891
894525 398773
493677 689617
481840 137027
314015 339369
676698 922195
203874 172033
524965 319199
321868 247844
476156 929326
826611 643543
386782 72451
85119 955047
66099 770197
712052 374306
926391 454459
931166 543082
701132 488825
460962 215461
23618 252589
600194 111327
242285 333280
587540 690400
440771 837732
37301 878426
814787 476630
803017 222081
989520 218505
762404 722923
178302 488803
933558 752353
264398 832610
205299 148238
732098 931745
834472 866084
343366 337366
105451 440677
561889 177934
37574 849298
538194 700684
8922 887477
254355 607229
582390 508688
47339 570713
960159 802996
724974 549908
383768 683374
659359 849270
947727 674136
259645 942304
396138 382636
663340 605679
410609 15522
431085 143541
170651 856577
705062 95996
999054 270711
676178 461779
736123 575753
949628 925325
628152 455214
528764 684850
535625 261461
938105 168365
655340 90945
640242 699264
739216 564175
992032 366915
692621 793764
489354 521657
955907 999779
695911 618621
202647 696404
262298 665725
783256 172679
612463 879682
726724 46369
17937 37026
433251 194827
661207 460505
52374 589243
438524 360522
523216 57171
744093 714804
954553 994745
520770 710629
842994 665599
865419 54233
273762 982669
827755 378915
652820 732
483434 141320
890907 21564
194573 783573
721343 355559
30150 322932
757068 347902
318472 418174
562366 210258
723773 795373
789992 283617
146220 40132
7374 216063
751327 539799
423612 225739
633523 870128
142862 103935
423062 785525
219515 125711
786417 286422
384906 25108
764524 96860
665505 514028
844970 970940
925059 144368
930509 354032
672047 113662
366524 195015
70392 769377
78449 605378
649027 182817
927417 480524
683950 705496
824255 669711
646742 512949
457774 346992
663840 355710
863838 68927
497361 486836
177533 708207
910794 531180
603234 703266
17806 408329
448898 37067
810880 302425
603233 599038
841105 170306
365290 520115
249625 336308
741570 801696
963282 949255
380070 581378
442535 732523
468225 693596
263740 151988
681069 190574
534840 92014
616377 698755
920379 995594
127277 478471
102330 370934
252200 983229
222266 694776
539856 868768
533543 733594
274675 462650
188429 241620
822298 429703
38033 623468
360283 511632
882408 852371
117993 486294
981010 765326
596075 882918
73751 449703
545480 227619
480594 273531
987070 411838
452558 863776
758375 432191
903804 297149
483694 746415
277576 973561
201068 606747
911932 950247
433685 775856
765943 636096
51201 762102
727218 627411
542547 480014
707267 458040
788733 834037
933958 968164
823770 219220
373637 608680
787297 785420
840838 114208
1454 951925
554185 577746
157012 673636
664856 130867
846850 329125
927651 352463
37104 486793
658886 577910
69159 661054
169422 203467
494849 709990
557509 654470
655647 314348
611600 820131
202315 96364
144886 576509
429236 311411
45265 357009
436558 955384
943446 89103
807182 131422
960216 135020
228223 839832
524548 655826
182951 688191
646164 340424
208669 984405
314463 946487
868377 359399
883404 571519
38562 308806
101131 964540
64145 790315
991019 664300
500771 745019
642484 176192
474978 942236
148835 552374
377865 758555
335789 91315
13515 446909
227238 863431
106581 149023
398537 386878
557495 101636
751348 802842
810604 251145
533093 359938
75772 748812
823353 532629
370443 635481
842621 590168
665065 575170
684897 243883
847743 473210
962543 91578
787380 7560
920744 527691
432449 653537
377279 305673
184628 869796
879228 551990
806064 216212
304174 83431
937583 652817
260990 640484
708476 831801
328502 106279
97019 634550
150509 626489
878907 452444
190427 376056
754874 227957
802425 655186
199203 602033
589040 526482
903501 956471
977195 405675
809429 936638
654582 905033
645108 478239
990516 564258
874485 932694
148011 149516
755236 250873
345614 833051
326610 464155
711389 16056
901392 133901
360647 110919
31861 885356
982354 941365
637295 119354
308244 46128
207730 180731
334127 742529
224626 273280
747288 354605
558118 498302
377430 41164
158727 673892
140958 903799
298235 478385
549716 907536
612129 173302
215226 662231
39163 32102
609070 527349
471988 512727
565095 827297
820528 518902
401924 866800
888414 999040
783355 202695
905835 12302
488804 828961
102304 674743
682343 825687
473666 262640
449907 336495
391105 218983
691684 977638
927909 739452
456815 737865
430838 96764
728421 761723
121049 35045
527957 438197
672210 752025
247312 730140
33111 469288
205991 127166
798894 550237
2203 753978
965072 76037
749253 435350
311932 947844
908397 624780
305516 277038
759370 811408
850143 794722
122901 488993
793707 387105
504589 743704
89377 37424
345598 842767
522093 955008
127954 947278
162600 998578
161205 791556
881465 578313
498922 368367
186055 400372
809206 145278
84104 954459
833437 826971
496128 95491
131648 377316
779046 561318
130992 638636
822906 470244
369223 180062
435453 872429
558769 671303
997710 345926
112032 372712
198583 67085
987754 200416
280439 796047
935883 302986
344975 838941
700808 613143
843809 134709
868917 107717
421836 938932
973620 605311
373216 379914
407437 251136
159673 569855
412332 278701
939272 507072
536150 660833
463692 786172
973194 558209
201606 180671
475032 527097
948089 359081
376969 14490
314367 25025
365189 72441
80491 754713
669974 188262
221867 463158
899195 206732
868369 854432
110908 697305
618450 446649
397775 385217
91631 708158
698350 356121
118383 387410
890416 63915
870885 637855
142971 860902
588321 400938
93139 396157
359009 367075
890409 217993
233841 448589
535990 627808
833144 178361
583645 641629
983475 14124
172249 888598
239326 110295
650001 254507
863558 832025
786027 758914
838836 237181
254414 517642
271717 99383
399190 562061
688098 344288
691081 470519
809747 1635
728397 93714
639959 685783
200502 268730
444939 778156
168830 927682
559600 100772
295413 121187
773977 271089
659225 66641
976950 586407
344128 886788
309473 236208
984907 101145
116548 36982
291086 907692
437014 205534
611539 43101
793907 242687
101793 86234
325171 54414
198319 945157
149534 567425
324025 700276
969701 277235
759456 798373
669848 662173
408939 208830
647330 816168
10039 52115
58771 49028
311013 923743
304287 396568
670711 280687
297452 344822
874838 72835
855349 384413
932392 367050
899642 630403
277828 398688
372146 644361
108571 683055
851223 311764
96609 52000
139782 688992
88206 842830
902048 100996
352948 496895
108736 814392
889108 513412
456030 261763
865468 802684
125777 374122
48752 261266
835440 621226
542337 535361
47118 424451
201829 588141
270340 902718
712254 598547
568915 805283
295082 270574
866691 706955
787595 201811
884917 451144
169826 911446
295542 984455
720831 698849
5385 684788
337505 326463
208338 207241
738294 2170
825938 908853
525510 428261
420737 721517
420237 577030
467695 496896
638770 15247
962687 309915
490121 650429
503389 128398
670190 801509
695845 481668
258129 426779
697136 513641
156853 695815
194637 265442
548296 704275
653507 823886
356408 320503
118041 568394
314876 468729
201897 277586
505244 144159
88810 878159
439788 107527
480461 53104
153418 351549
995508 448886
876666 663825
980806 655165
203554 432031
103962 300174
171418 257367
262919 782776
135247 646783
890547 574815
875584 114141
736784 417817
711342 345014
818338 969249
100253 208547
636264 576800
467953 832974
396243 291639
274381 127690
747684 471955
776382 159758
996076 161449
868442 424835
998472 571126
326055 994618
203484 522384
223897 587614
676272 288320
198896 787704
582846 496420
712552 698118
352024 191808
940739 263774
218982 891641
450599 747400
185720 135362
905327 79162
623657 262627
297719 419270
577906 811072
447102 84657
465375 78292
964016 495259
312041 464656
966360 689857
18485 35762
881199 867435
38733 383580
867700 179012
338317 986139
281937 648589
301657 800043
679488 327000
50948 583752
535108 137808
409716 143710
714715 27141
342239 549458
972228 273981
465465 140694
985695 264141
79334 805444
474643 238471
239404 227904
186842 927894
594843 229253
399494 524008
897631 968114
727405 760806
299846 41466
664761 228445
105849 475426
825638 674617
629867 852170
70764 958778
87747 360567
595628 414591
540862 178603
910076 232110
890322 868137
418685 329297
779351 105918
318695 41910
416127 846811
935109 734521
857916 221518
572208 918118
746157 916373
186871 800585
583688 826567
328896 963130
406636 851572
575684 66217
491297 333687
265800 162206
565358 215563
84167 125316
870174 135549
203088 800447
428914 723230
278052 569186
883712 949001
311293 195188
413610 558112
42752 302776
587665 298368
471040 799360
324810 812763
826770 973299
916725 501995
3083 308731
129212 167170
134368 412842
789520 629070
379402 660859
389178 985708
241204 832192
60621 997586
178947 331300
60669 23664
264586 241780
983200 260912
975037 127471
301492 74284
36909 257521
990313 184259
979271 361306
968190 638932
483841 973308
912081 95811
92478 539973
143596 917991
958893 922324
149903 336532
257711 875515
481232 637220
809790 229656
919752 623142
531640 975625
340576 176482
739778 451833
816124 303616
256794 389617
37109 935867
937610 421878
839684 840832
787844 195761
466142 415275
942614 812
584500 219319
601272 330992
64397 288585
695505 243865
119762 675986
938108 574792
47987 322867
77456 516412
363948 481278
990455 495854
816630 68276
430109 560921
700761 523574
502537 227960
908952 838957
297473 536045
274459 43842
898249 884068
201373 822661
61747 542107
178964 826813
22031 175073
365702 13250
779636 762910
272677 113352
897722 822748
844117 345187
793978 926537
551153 667681
736825 4071
478747 635683
973682 937097
725390 151429
356040 604085
128295 914862
759861 185906
651834 766186
264630 125952
476370 298275
285977 216047
256143 326584
930586 701813
456525 144271
945776 101093
769588 689889
147988 894479
64482 866667
558920 810990
83975 733116
520599 376618
989928 63927
271587 641412
100496 757599
664335 985938
473113 692233
900935 535942
718610 182468
2616 469735
991237 785883
926872 591848
518517 244056
672090 483128
24817 307605
547615 601974
627245 615968
519664 139789
703213 551896
26252 401430
258175 875755
812733 596131
670013 82465
425121 413574
27316 716399
387958 911325
803834 759807
628309 443333
436846 799775
36359 698522
995310 277529
619510 830515
353293 190923
33754 606934
112455 372344
593108 831409
309882 613512
643830 749603
600338 899958
135264 455401
681839 297523
307387 228116
721804 631261
306566 333349
884651 535530
894232 598305
43402 331816
619699 742273
889457 846711
264112 981353
839810 50592
984327 379072
959793 902636
619456 158040
773241 886787
45327 774339
573075 343478
884528 982113
776561 914650
602761 275889
411200 362752
227287 475224
608082 751073
302477 429150
779472 298905
495373 97454
265593 273799
323070 780545
246637 127189
559367 792786
392821 891024
628686 703174
644397 836284
315508 354321
541121 545980
720418 363120
364685 257572
810207 566622
51021 448520
399897 17001
470472 931619
552809 329150
703153 358202
628271 611566
689631 788060
84437 583369
446104 985010
103805 655006
885178 704258
236154 670530
390790 296474
897826 893866
904078 924372
604224 277844
36676 369738
782676 52455
535551 394063
579617 977863
882721 617050
697130 659747
272745 761496
340367 840641
805005 736030
821775 353875
420459 225605
937306 841885
427020 664167
480215 310976
463429 542989
723450 909040
545974 347548
615465 104518
554145 521698
147177 916194
864278 706373
741949 144159
280921 48513
88170 686610
690583 302437
281251 310674
843083 747766
675384 208326
720735 867600
329531 557029
189411 216301
443199 277807
584152 925528
563034 239763
4540 927455
450636 530067
694664 746354
467057 674290
700895 615516
357103 146650
68804 709925
568607 70451
640334 380023
230002 171724
938380 491907
767347 700321
757744 117231
737937 975790
707146 188941
436629 206906
289671 556440
60270 160003
93425 192210
662756 970874
22007 994764
707285 890674
566983 823159
550964 355477
716579 639185
254023 416529
285513 697684
929174 213587
740543 207249
938826 254855
200673 199264
156581 749791
806619 853181
890366 580890
604520 239382
363824 235964
807470 817591
277240 630629
966786 626723
449605 424101
369638 367850
473236 974971
575064 984385
570049 513740
481952 351320
293950 884542
545637 104287
869116 285680
772176 439446
4696 768485
182703 944226
607580 379009
610217 945088
569660 905909
28061 425585
422610 605288
919572 200280
165464 693151
73924 521164
664879 622687
870188 922137
196945 783508
584368 278506
630551 437900
180799 871035
646707 116974
956746 83763
3802 330521
160975 130775
558717 707709
39486 91184
286997 643334
822922 344160
533271 401130
181394 339945
750397 308724
482397 111502
17655 210077
938052 578606
947421 553009
589369 728402
684265 902020
860558 723987
332119 749885
199164 35540
735448 839572
770208 905851
225405 520807
699580 915193
339225 697274
777587 255855
184488 137351
520177 426046
694486 26220
957894 78258
468489 561959
795644 904907
280216 103681
931637 163862
657925 851589
426013 693552
478976 766106
864841 678145
276151 752857
88392 640326
850098 466128
404077 76795
745008 448141
808073 567274
847405 879545
526642 916309
872571 180277
678473 395987
398117 758980
518129 9238
821494 752552
626355 787775
616482 404872
664035 886475
696344 835201
54798 598324
793708 720352
270602 865257
34443 268483
495828 736405
461761 250959
812697 716763
697467 213554
81482 852295
900765 918424
203415 199806
459709 594089
504917 500361
942076 253452
747535 769675
951554 637872
953913 577723
859939 612876
245153 395169
539143 12763
12736 836196
480379 90330
194943 895709
213897 224028
529911 832914
331762 936935
820105 928416
339807 626425
419219 77213
514617 274751
304602 306298
954544 741787
671256 311892
746591 987857
463172 578355
30395 966200
542489 850959
870469 987512
698814 836108
611314 57956
479610 821879
94053 318697
351474 603442
903702 689680
267976 276167
99182 881931
709967 708352
962417 561939
526720 856749
705224 363104
577439 15465
97218 833940
866874 761027
862167 243305
118453 308159
677059 969146
990911 132753
146471 808569
457006 983199
273934 228153
610732 191297
329667 353171
498261 674146
153969 738196
792531 273852
854214 158352
303466 990461
341888 878359
35273 550010
113404 621983
62367 303386
13025 355309
240940 490006
725618 459359
732501 232316
253052 93105
435681 405379
524867 184671
215022 566453
864747 257813
907379 220298
387635 360313
578339 425313
663276 796819
662161 648220
873062 383689
747726 865326
888763 508758
277740 162005
579740 946645
872785 633834
539367 876837
681983 606203
216028 804527
331455 248200
982254 564051
298028 295090
71301 35670
895694 999350
197625 878378
409251 589947
337249 451682
67697 690768
360077 840530
296439 478801
294214 151368
427605 602081
733110 155199
915174 192948
540328 971297
937476 80284
636885 768073
265149 9042
16630 614189
79017 999843
523728 918857
209331 436824
494845 44518
982151 832596
674285 299355
60491 603249
81385 810755
173951 562523
304364 436659
175866 928390
783395 325648
122132 970998
978991 262961
620120 291295
903397 6634
892750 272394
652878 70660
718559 846861
873595 345032
474194 172842
239594 775006
462316 931540
771266 185290
55648 342831
174698 914378
218632 298984
991694 994685
264079 615368
985312 349448
558362 816650
612265 539111
766573 912181
620333 731207
836192 200582
41295 198777
521733 204216
874108 348199
518892 592947
224411 611945
216462 365317
737572 764016
532325 422086
236713 651503
675659 992286
259220 452133
446302 963504
949019 591936
639702 703747
678435 681096
755510 836483
677245 682666
718668 399980
429422 449170
945144 800173
123296 761310
781976 620336
473163 257033
315392 231016
17634 259406
551423 272157
346929 610590
501556 202959
265611 271035
203848 318354
181246 640162
622208 654801
909028 843887
589871 901753
516929 381193
155828 536263
456041 963866
219773 440862
588377 917707
912924 535700
499566 867383
846204 988697
960016 724845
310024 205819
76671 343798
333395 668894
808835 236636
531180 1975
349879 204673
704654 247174
192027 57944
809630 247151
354555 279239
420740 257369
661977 92278
876512 267203
102328 817555
953551 843284
734141 946678
193525 662918
549428 296316
133691 658164
155001 483402
133698 688102
447472 736356
933394 138934
411267 723011
781665 674638
649281 945262
750548 251549
698645 285579
582471 986014
683515 199158
940934 967351
700550 129782
582454 389075
594432 537953
123171 409542
396330 418660
476115 220324
378381 446665
442417 652782
943321 417369
547318 161813
261496 546737
834096 21154
327401 379878
817161 444597
657519 593890
735622 271695
953703 717086
47824 928961
779087 120904
840249 668669
184102 10571
313038 368527
388112 895145
302704 979105
371539 366444
349709 734545
186199 459733
633208 660116
679233 581045
700160 91854
177372 224903
8171 569782
721870 668383
542493 490435
786121 907526
555861 533103
39099 364327
921207 380437
276402 545684
150750 312126
64998 580944
118019 158168
664499 784741
515549 84796
42355 515975
302360 644387
766516 249863
914183 525916
746319 762193
327654 256257
659947 756790
378131 18555
656456 732374
975380 714677
861712 735454
685067 783863
36937 812400
418287 773608
358143 371787
975433 972160
847274 780410
600352 17888
422907 160001
891953 592099
423301 604280
946034 341899
385841 632874
202948 103559
976408 39002
384593 718575
384540 131764
786224 29630
521678 518112
969184 285884
113236 334152
938172 917495
302206 964174
607274 590021
975642 533493
4926 16973
656506 353892
804918 271238
151638 6425
676326 464802
866542 827414
397521 23603
807086 521478
773710 949695
11010 4524
490794 523622
152497 490167
435025 105588
757046 827618
134830 121349
579055 856304
994142 118600
779672 116870
731501 470181
50843 190645
362763 198428
694763 626290
596664 851581
531593 234664
87252 401738
326322 126103
325474 553479
585242 95053
200151 505845
78589 79660
585520 579062
883371 504694
59494 297768
104256 458985
615805 226254
211834 30337
40229 283301
613055 280249
200244 287077
617544 898722
4675 59580
186447 930383
411770 557556
573685 613789
916677 177799
978094 294097
787440 304490
485139 639439
99773 795904
122578 101813
899206 698718
341352 878281
646038 603035
122292 749401
488282 418154
156372 308903
726905 601923
266563 633766
884503 419446
407134 153614
763652 704824
850551 686695
565325 172051
819876 217796
708846 492144
364497 342158
636777 843740
460300 933225
704132 978365
824392 519644
159311 388471
606132 11861
258105 624796
415193 335108
270995 469659
771785 259463
275991 553877
853021 679402
473310 320439
524396 614907
669339 348430
477964 580330
531863 50864
946120 289160
130475 726953
793284 874449
960200 571334
224550 731437
40689 423561
521112 106760
525833 585398
43236 348488
422914 132216
372511 70899
786418 499
920116 715016
568866 821756
137789 150254
897179 616630
813000 171677
612191 906164
263864 902598
705655 91248
544596 100884
920883 352758
869057 916502
763307 405469
168538 733900
682155 748928
966556 184797
588851 292772
121855 603938
861613 74607
89439 213594
736617 984217
787344 447874
582962 369145
48594 42792
282636 316300
13555 562600
340057 479713
946630 427860
637797 434355
987347 462142
165749 800864
245967 685950
260274 317579
379686 882810
749911 896031
522770 982850
217164 56448
772080 165259
975918 473266
153347 42775
703322 622811
757236 418633
802907 977613
410303 238788
440842 250569
112837 971822
457558 320698
813246 131090
48352 469731
850398 999904
284180 593201
90793 687390
690216 208623
250934 380115
545619 716193
158238 841109
402386 131146
67644 434800
78283 962766
749529 728058
166846 283073
587637 587599
955542 746298
287953 957260
463411 845756
753778 663508
926169 504775
514569 594427
211907 968881
87673 671219
288739 612822
611928 741336
333784 929355
538299 939210
46517 634177
886558 264887
677914 796350
577455 334440
843563 841431
609564 377334
252561 951617
194162 23784
71599 138883
187869 783333
646038 587907
835044 616630
473286 985371
908975 976643
218458 210795
354411 227181
330757 891806
420155 693833
735418 209729
698385 643862
433427 536583
273721 721217
36447 321724
434562 413246
813780 820693
474116 151609
142513 273436
782996 658135
369487 603334
764097 714052
727684 80165
723415 43467
15047 16420
94859 833318
598681 833625
278684 764133
851695 12660
172214 226612
201659 182321
681809 995982
579107 946218
206204 592544
341940 703713
487275 179996
605567 736134
436546 439970
858237 918962
979298 702921
321898 540268
216928 976473
519237 280345
399637 744189
13050 556322
400960 461199
954593 694020
195920 936965
307042 959839
435222 804085
245598 460900
35053 463678
145896 111486
601505 48342
302892 54447
648219 470039
492543 7847
394079 81496
417546 128093
701677 173596
756779 953357
778430 41116
378314 623365
992495 855937
628 498360
686722 387112
126757 586227
303718 438505
177425 194426
545751 621764
104727 406997
579890 433878
617022 915394
285494 702871
363272 849757
938025 39794
449208 990172
65556 790682
253185 840373
217824 112245
252279 382526
545471 123416
461138 555622
185335 260874
371438 28494
419850 182154
682939 663663
33 649138
476362 385765
771864 7738
999368 775440
422904 773397
492208 363540
614767 413505
179500 25533
423667 444842
405482 194946
743797 746928
403664 757226
154862 784367
326157 733439
241036 259352
396017 451308
424136 542595
645065 157941
602543 298852
422588 985594
965893 822096
410529 680162
635051 273718
367105 611364
98579 651371
411198 623791
169781 819149
708488 81307
929318 871885
437854 972848
290302 254258
177787 444174
174473 494705
396749 314780
853209 141059
763517 190423
410337 695254
332358 876776
838831 784026
680345 877259
350797 733025
428977 253336
860215 200997
601758 497742
727203 696490
856096 746348
924040 254004
941721 129473
441500 294914
607249 323588
651949 394517
9265 182327
925690 675694
743179 300682
344517 184950
865193 679525
186455 110841
928568 205272
925266 843845
543073 572545
766916 494650
692089 99850
975370 787086
403735 10751
880694 771174
690577 587964
645686 807726
204744 657744
579172 862110
960540 171148
67524 805303
214747 394364
461956 376859
36459 365556
772048 579117
306192 204672
705485 200200
545010 552099
62748 760503
48878 507140
640993 958697
178317 802064
789151 496638
870382 609674
155573 419806
927356 235847
19767 912905
523827 515193
709102 355181
154231 156920
358470 907502
575553 898703
255183 981352
912229 599797
949414 256933
288869 657744
698405 559964
307563 286249
675383 267211
957676 130897
869875 240966
89975 233560
880167 719395
214911 618253
164969 400887
334119 391072
631414 696938
926840 400472
153107 862383
721497 311642
836346 378284
468750 699391
268533 259172
272535 723970
511588 583000
663047 847181
561555 624688
777897 344933
449603 235717
245041 588163
780645 604445
331761 376617
918925 589905
255326 901902
545579 167779
338734 566120
405542 364095
293586 880819
992699 315529
757865 639395
462657 309863
799926 449732
288362 40968
735825 783779
828129 200924
632468 157422
153274 229667
240316 299444
606728 532022
376624 818358
414516 127529
528149 699137
336845 428516
265004 129061
659651 387409
641514 762900
397766 166493
68006 201109
28659 383264
708999 768253
789010 837578
685774 845262
465808 631357
361267 776394
846321 3585
133504 411127
124631 915377
736330 929077
372216 313267
240872 524017
790301 290754
174768 159446
718381 725199
748681 110441
627352 936254
594528 237687
789113 455034
146237 924756
4471 742968
963471 709078
615382 953255
543833 632437
32479 708924
503152 444857
662530 664051
930098 271196
621814 565096
330966 673030
445351 44621
194626 889380
512985 17706
57220 373522
213496 653473
965412 237908
346387 428744
249635 38510
411599 452282
132412 928351
740773 678643
498951 198184
914289 191943
485905 694391
343287 371001
852613 397788
234302 751531
552387 953916
810453 658650
558076 224547
45650 366023
552098 869448
230335 808724
666985 750905
337242 147911
459655 424112
544175 115885
841737 615643
451162 22522
589601 999211
488866 499953
357305 54378
160017 482567
873368 635634
668517 936690
811592 917454
868631 751976
822024 470105
564349 754257
227628 935252
645373 85863
989666 692280
507493 785251
754820 782367
748922 905708
227549 862336
80302 930137
729029 805624
918229 287748
247716 575551
519869 182523
218732 634022
289728 912099
129426 741108
36943 606768
860526 525278
915405 838355
752355 639735
685806 882373
955431 494629
558344 996795
309553 662568
868806 935966
84900 287320
996822 951200
570007 258030
249946 271007
358590 915654
107438 114654
166886 96985
476207 770827
813517 872820
260993 47354
310044 96608
634874 957249
678757 337324
110324 792157
412386 413452
244929 601877
311589 333120
574891 123012
470473 167000
459758 563849
626169 746573
90779 174097
60658 99283
628637 828168
941778 913439
363851 301964
764435 531735
694723 915140
880815 804708
255428 905042
897166 116437
731242 42660
913671 980243
699263 220767
17355 315151
143104 586969
924078 40759
802980 538177
64004 805789
29977 657049
129427 128846
220168 14437
137802 666221
33882 516038
392739 704192
695360 910707
628636 692234
43816 24118
634883 230371
758753 450266
742754 402380
353478 103138
238177 139690
943728 654557
736288 105924
347340 200986
291597 643423
965439 693569
555493 631010
424336 728252
134351 993265
379661 86562
177515 387578
432882 189285
911660 42743
339411 810522
158153 580322
851464 592890
81656 159839
526945 995919
652040 518208
183350 785040
48915 445004
182677 448519
282232 249379
429337 345531
52680 841275
112708 296763
893365 327251
323132 933868
79126 816902
123377 298437
310043 817759
296509 295116
635725 314248
968365 129471
212932 245851
425112 876592
112882 236306
166978 590682
467685 243847
66318 768436
808769 960336
867552 311873
942122 804329
314098 725610
367934 155092
508159 733682
160761 550716
578542 746269
446095 609441
61399 229909
509628 921513
790710 613165
863329 229448
690750 41582
966833 229596
10685 211290
481106 276394
18048 950656
341194 274914
74683 802066
405473 949507
761370 132965
243066 845496
109990 450595
269161 592396
231050 900334
718189 409747
857701 86808
125828 556451
483227 146122
609630 265192
340409 704747
365194 504846
974741 691655
245313 890046
881674 871233
751200 768048
774809 449451
718482 186152
561056 593147
918001 195716
645620 433057
24448 783437
604974 944353
968871 294190
502317 877373
170472 427009
142786 772567
460876 906351
884750 922476
307686 372819
986844 162877
979707 793809
913280 646866
568566 91043
307241 640694
968088 398355
811447 55752
35704 5001
773954 739960
727901 605537
5957 579688
133586 989065
919561 90519
316883 239064
616098 642105
432768 923555
227231 141502
378232 912520
268593 638676
883017 441010
669333 110490
26869 756952
963750 129223
420477 740702
356888 424718
225276 87345
132789 583973
375404 232373
486030 254739
865721 375704
867511 463566
624850 669725
229294 133082
928976 393436
865653 295479
159247 547636
153981 622290
876993 490284
457447 723097
392292 894842
134643 275661
822647 456746
775028 316561
885388 299604
519630 116960
965710 687570
882140 469837
269246 974396
477285 343823
960449 113401
500235 113020
695613 939795
721866 6052
167142 641658
728230 566032
297960 32998
210777 805772
857523 537592
713364 670420
84446 912445
579060 28441
140183 881130
71615 731101
350072 202003
260900 590881
291654 103739
36610 105187
26082 691965
222631 499037
660301 396453
905377 225453
752878 283162
488364 296916
328554 524253
259319 852400
959192 598841
161145 827613
64871 595730
456481 846675
489917 37847
503617 368526
799024 420401
676385 669932
926669 100016
983398 487573
345727 752186
479285 182575
725786 37010
764561 992818
711857 807096
362485 45151
240610 93489
818630 722734
10596 354145
418293 738630
611040 102473
987789 821415
325149 618018
555923 291316
492593 42663
16150 363399
143071 102204
819262 88695
114346 691503
586841 552852
991849 549398
98085 515670
778251 151711
647979 785302
216566 599140
293100 502255
779346 186280
154117 688599
720971 412062
704648 735929
771901 989220
163378 287317
820924 239497
812788 612698
720587 429480
797673 491404
792988 152758
209284 326966
769917 729735
734299 327032
458019 535186
23660 72507
557373 168754
52875 771602
740991 8618
59951 255682
836440 81626
126304 508189
284194 210700
824346 604446
652631 293439
115910 957078
143809 725825
111943 110843
139284 475597
812356 288111
295789 283420
955612 975554
177372 501193
434894 854157
256789 428577
848302 241037
728859 479216
903413 639764
527892 473382
935844 906871
797929 315933
173672 190543
217767 136749
995871 901813
875182 529049
971848 539773
408059 714894
167195 93376
970615 741654
73669 739438
836604 385852
731619 660710
146735 477191
12454 694582
282352 589311
400063 196713
400557 816210
188427 498482
692181 402528
588929 645315
509531 811498
323033 941495
896146 363234
474340 387916
693480 866939
512435 171612
209136 160260
311212 636696
968181 796381
935761 202083
900001 562030
338070 30719
980924 276763
370301 362605
893400 111919
710714 916362
378399 788982
193567 786444
45025 898255
885039 219114
787234 25395
325888 15411
825628 996014
96476 177877
774889 506641
934968 126817
267754 731245
56976 611324
461307 670435
411860 327813
850068 970875
952541 900970
232802 935627
199554 212982
583522 432159
422673 804356
388043 463785
785504 765597
978706 127655
923581 805146
752944 866434
817687 822609
758695 841297
419231 326493
651413 178522
206395 718911
426889 192768
336433 737281
785795 472394
978392 137859
231252 593680
557015 620356
786014 941353
458637 8197
138189 610492
297829 33510
998394 856572
208380 381751
138892 660254
426086 942828
177167 123424
297951 66711
658960 486125
437286 334432
594056 492485
698016 663518
188736 549967
779944 674560
876389 609366
51 666870
363899 859070
645247 437107
700489 836844
496135 237342
904679 179129
650011 400722
799033 152707
517879 776616
282969 482743
754368 795786
849311 199980
823897 795523
611356 942649
104104 272958
462099 667002
959292 648010
508024 142890
554998 909955
269212 553045
335367 336932
856207 458775
479396 708061
362034 806269
985747 290174
871175 575798
820051 620194
544267 871493
674409 59000
312509 447895
894543 32327
928628 547553
959314 713282
356155 841591
437035 26335
897911 166838
280319 779773
576036 277376
622690 721772
301846 223932
294286 671962
359187 299907
953804 906636
26400 403239
80300 131970
939461 808865
357502 520009
329492 52868
18978 812677
23772 716884
690803 529445
919918 507683
246360 77567
823025 636270
770035 573699
632744 886982
599233 21051
455493 913173
394565 425936
638867 909027
905709 930619
831069 313807
988314 52639
191089 23057
207309 348687
863702 511793
390123 252349
727232 911064
285137 17397
696275 926269
830404 494387
537745 134338
564066 782289
969865 267852
786392 446245
741501 121552
728072 35355
14387 375156
109200 863739
933343 470632
212934 95311
294339 474572
835481 806476
433940 131215
819749 489778
621155 86209
651723 929732
499521 686116
339182 94795
450402 536071
659746 159529
555113 166897
460640 442851
682788 692415
367926 27963
628359 602628
506092 721830
291335 361891
603378 218316
213874 714534
361543 774159
202050 900333
686115 488227
859956 963449
633799 645875
603776 588517
191146 66308
5844 822194
887270 65011
230720 951257
668427 298254
802553 30654
288709 146446
930108 684502
557185 960109
598697 205162
67013 730096
738569 86783
67000 413949
926846 546431
324308 209159
121587 302228
406709 640266
680586 892616
154208 382631
237954 862940
584014 754418
408768 88942
925234 100811
732876 940450
815359 767728
883253 26617
825502 329240
165209 995167
900915 839435
157216 816096
999613 815503
673952 150418
799971 481308
595068 446777
682300 519805
164250 981590
484471 216815
219690 27565
268586 645851
211788 17007
375704 268832
515341 407230
609825 844494
685237 422004
151490 686047
432518 779479
580618 595786
246896 823256
270711 139826
975828 293467
978872 539656
151768 588803
947795 447184
75902 722044
210700 940300
696467 99903
550351 911377
191210 337705
333086 879778
234706 66055
66951 854850
18573 51080
633637 708424
559705 654044
35883 960645
113386 228254
402603 880648
384254 46270
804208 59682
516340 527485
16907 816513
279762 17680
457807 42488
179933 894262
580276 472325
53185 393226
25691 309926
895366 91269
827135 182063
145600 512737
712949 268644
557516 175538
629068 963218
956196 568839
260636 56748
970485 900025
998705 448539
117162 708393
513325 178926
134759 53673
174868 409614
457776 138938
226767 238440
777531 780391
452003 715547
685599 669876
235160 538387
855554 510213
450789 727891
908652 284158
373526 25957
38308 957145
356287 149241
644132 581148
454564 756504
455967 627955
360980 963752
175500 289886
802389 147175
442448 462374
566056 318667
84895 918876
415533 529878
155334 332505
495822 653131
77420 939911
828244 655204
305406 149344
810224 428387
762770 807903
585498 819507
116936 124580
92299 45736
3028 516443
217025 650333
946359 796645
667049 998144
418370 178239
472884 711600
429021 152739
700829 681138
13469 372313
428490 613723
477881 715768
692277 583408
710064 734019
579888 614007
78375 815925
82505 319084
285544 799144
676934 934553
824679 236066
416155 288870
96229 443894
722302 364634
395576 584765
867823 871686
254585 731038
438126 933168
198881 816700
154749 39068
615180 453078
677423 499489
575043 725166
921516 850290
996116 764383
219484 126256
667549 158811
179388 280806
373623 45369
879662 756419
877105 610433
589751 802995
696583 382750
547989 445837
923704 285362
121429 837452
65146 927903
695174 94459
672745 593380
797334 577303
567146 161513
729182 95394
254253 680710
253210 984395
720665 188147
980553 985136
909686 690009
778600 924959
839377 383398
248184 547334
683691 724154
596274 693616
534238 809370
514473 689015
117727 921370
454831 287203
139827 460286
621911 551836
580526 545419
643203 780448
72234 583836
582778 215666
493997 551196
34003 836204
316959 137629
867174 168633
314908 450298
203146 675890
138602 307245
567919 743060
220676 60344
763885 319802
446995 320859
61769 446097
547623 547053
191075 102552
632569 791825
291773 851993
51340 825539
225353 257085
704995 42747
953136 516737
489997 266884
161251 578181
797962 408108
281387 454778
606869 701456
712528 703041
773378 808592
476604 886932
643622 862113
85542 726603
885258 620970
378295 447943
408529 978390
315198 761168
142521 894409
371843 137081
426556 630179
279014 702043
382356 31113
125265 304760
335611 255103
692475 446591
653324 998673
712232 193731
580601 786955
106857 112015
960727 315671
349127 421924
790079 929312
416184 180905
191981 127296
636045 349877
600493 967279
760417 894661
920754 191896
520457 651041
211279 275223
47982 684790
707260 125579
433436 485280
112361 378767
875221 80887
219927 862251
759889 981641
273571 376068
734444 676364
270362 810080
244038 341076
16080 433357
533106 414419
292179 456710
296517 819879
305084 671642
65840 235301
492941 5552
71144 643022
156983 551424
263130 538555
721223 162557
411877 524073
144414 995435
981572 979729
611758 837868
948663 592220
861810 3953
766772 520447
338077 431059
523592 484175
747726 204373
134998 579015
485238 930454
731801 337451
92051 310739
285952 729956
711762 734410
375928 395247
686977 15295
255891 505962
443632 551634
520237 162969
138491 344511
491200 491577
654355 502460
202979 93972
518109 551604
491249 517382
23051 365492
793709 574115
385518 232387
998369 775858
317573 519655
158972 525166
468433 975218
573173 135791
828080 955267
875892 431331
931522 136434
657758 969476
861402 579601
696361 777131
684064 384939
752974 117237
960420 256494
482239 632848
508947 714908
46912 122755
441485 987920
589139 131182
129380 279211
933369 592970
926012 291995
648160 836822
319378 170962
325467 402886
284646 931048
235298 43911
793312 447029
363486 917606
750503 808912
91111 536990
124600 970674
236892 445946
914979 877170
15083 109354
663433 728002
485041 160181
83129 676346
674386 519610
178928 299857
671630 284567
38145 605878
818681 605528
49401 359924
967337 640769
717029 258385
710205 624821
189186 599491
842902 370357
513492 199247
961542 184366
616849 735630
57123 491584
29138 62877
513930 275483
473444 491542
509397 426421
946563 715734
31551 44629
76125 196719
434423 155043
670260 482313
939147 848155
253291 593669
894943 703877
493354 627287
333812 189318
958679 229700
845884 932509
977571 156256
247541 620292
560968 735140
755810 513912
893374 155740
143608 856099
122454 723359
3021 67776
259558 764770
749185 143039
463633 483705
858032 206215
565330 809187
592232 109900
731170 780995
106612 778804
504933 867740
64067 801201
459964 925466
930510 121724
295366 353233
552577 857257
142958 817331
592316 263807
639750 472690
444690 827321
244239 20338
704354 249419
122383 10399
158784 334867
125757 679613
431172 441628
704982 884182
421458 239325
323651 858547
720970 676042
229360 528114
400803 9037
599798 203986
418571 269558
518768 30114
113146 679638
301250 879492
675445 762127
116056 976213
793701 985072
197820 232473
501081 150812
406794 253909
549166 320813
743046 626022
528816 113080
10997 111375
912750 509799
922762 407113
282899 609619
930322 128445
932711 819737
741895 52477
318015 820136
196858 644666
995211 646073
94966 141693
736116 236585
626738 468187
877494 30822
692750 40464
529244 899983
638601 244126
167862 376877
349422 724277
176263 450640
862910 822904
386180 514088
571827 218288
144012 979038
929164 158027
270851 284273
468509 864590
938316 16466
944209 318351
442182 18704
72247 828564
424669 459458
619565 136595
997233 1152
708892 90479
311241 380969
480412 621939
489914 194045
341633 830791
211303 204557
21866 532140
299256 368024
987706 639563
163774 945671
320828 138659
43812 973051
717736 878667
53298 894754
282089 738972
223775 441689
549610 395062
289255 873646
682422 330986
221713 9548
308978 958154
147079 177306
166006 384773
32096 514095
136850 790378
444634 86780
503062 453649
876491 250059
518197 611279
244595 334480
886637 269317
777324 776617
29377 702566
482621 550448
246654 816298
785004 119295
151457 987945
649588 96334
366779 236562
805884 507503
903731 812510
463628 320624
978719 900735
810697 95290
261128 642189
288937 690625
82748 740231
109819 67536
257285 81763
746160 143221
552678 161821
995964 565904
265574 416936
180281 524140
757107 690472
7521 673333
668631 267542
952481 767133
107496 858281
295205 653637
974322 299408
473542 176608
690300 371717
758327 313141
737577 795671
105353 89813
287246 418214
823423 306364
528003 811137
292345 872933
871092 357518
746837 814984
982978 911177
33840 771996
133937 844537
169233 517586
869130 569105
818211 294513
935568 72191
73937 480386
657451 663163
344218 897699
878393 960702
577240 723172
21116 92743
425713 288634
529067 548631
732844 41913
625164 145820
600037 853323
817325 669057
316899 800519
187555 994333
702830 484527
772920 697056
414918 497637
274934 570114
186196 22650
776448 814023
264356 452329
99696 992374
863423 220400
995678 521219
890736 561840
391119 482445
829838 851203
311201 566298
772875 865749
432180 479403
633385 320193
545998 747824
150699 204196
395362 346156
6351 684916
483555 345275
428741 819069
756051 63535
726640 793887
501110 223308
985695 733596
721763 48591
597507 274259
72952 601793
159695 976473
179823 81509
260829 400361
920341 126811
716174 566162
269451 995606
687276 399166
295520 141977
602609 273512
831713 546034
21024 156799
659113 133268
667776 405737
760770 140747
444820 485369
779194 839400
317676 847172
521496 493935
472200 517922
871529 178552
486502 521708
919451 998661
571673 931493
409141 15675
872354 298733
719224 465820
727097 456259
654153 555540
669613 572049
982205 746607
759661 678005
597257 139334
357980 875576
837466 392758
671197 160374
864016 967315
984547 498740
648160 983539
649460 875152
879542 385208
722482 831938
959079 262171
785956 352808
440822 100344
400377 493047
515104 14729
686021 800270
252146 617939
404983 132919
934358 708740
248585 480565
34484 863056
932965 655336
873435 24555
904901 342196
277725 944418
66906 642249
940069 728835
149213 727809
606547 578532
544559 723239
945740 175330
195796 744269
914384 947743
595335 765261
584416 542767
427232 900453
408619 473464
477451 968315
704897 164058
166280 429562
768864 352241
95099 28639
398653 813034
56149 467320
73070 848323
995602 705910
8498 563174
60610 370129
643998 960154
500929 915710
609236 779803
607143 821197
531488 980272
241248 119074
840436 658797
733464 128646
228379 378678
82272 338407
985129 389778
793683 286197
327683 983398
869328 107019
86999 768927
43286 397111
395586 131723
442381 314282
779499 538182
338292 669639
455709 531540
327364 391598
788831 758022
892403 799927
454443 111157
736796 182550
995648 40690
350298 346717
95553 732502
504148 911004
717517 591073
627780 631420
229966 363966
97857 360375
355268 535589
39592 632786
535382 936561
189737 670406
340786 605598
433505 913350
418542 438854
667473 559395
185173 680633
105885 771223
319705 237668
859028 301952
447477 773908
186370 1284
467235 895564
448007 492156
233724 768963
804533 299797
641865 481176
396833 310947
407358 472903
570546 98771
47857 85716
666295 125954
140858 740537
821408 617693
947469 800684
537416 90486
219526 474829
66129 635614
53503 159383
427186 869964
510128 932259
425733 681684
568139 415656
377431 269994
343867 131132
39226 637983
778445 804549
547369 892407
362951 22116
56158 648505
33783 12799
605691 558714
573919 752102
294437 750576
984881 541851
968322 916480
762810 552209
700580 307040
274861 729336
287749 174331
50529 847810
318897 273428
292938 176069
944787 132473
814840 280587
488996 489252
725771 100089
365075 179908
358875 153986
483215 989561
459175 526766
334266 686297
47310 15204
822742 339830
24707 777610
800916 125117
482408 258714
485815 807092
426243 39873
355689 306247
399444 661159
845307 481340
626124 500896
567024 823415
607109 964437
878902 179151
681267 413051
482972 431185
803833 627937
307190 593028
809689 117065
878061 605746
11910 97508
30223 664261
197652 329403
738121 892986
211534 306031
989612 503954
370100 14637
112666 447627
92882 357273
415986 595054
931374 256923
103237 272950
684390 157197
527339 550823
283218 837991
498575 373146
45861 531900
934669 138278
712681 209460
425074 59843
261192 584277
501469 926295
274349 191084
572089 853400
190835 985721
998544 207220
762853 494842
950497 832813
359732 319817
22202 542807
770176 904826
329208 196457
513048 813504
754395 424434
387758 713815
64068 909189
283241 370767
66693 421211
483613 577569
170534 827382
164429 558974
203029 56342
479398 692282
940348 322089
830160 268280
941409 577378
824400 71952
98347 551385
102245 421334
149736 27273
483993 645089
627367 295166
770959 99208
158388 876561
509733 80346
884314 382153
983746 42
237989 941099
153987 358752
677567 518161
604307 314037
778309 973674
712262 853554
209310 983205
414358 491473
344293 617113
568787 912049
489940 643975
69743 758416
69865 896086
310004 424781
994552 742617
666950 14201
925060 816867
671518 271953
630578 419405
246149 256523
270931 869962
731953 631089
617239 271355
437260 668125
215390 885278
231773 291297
843546 870001
967972 787079
464317 817166
595347 726011
97986 27666
157431 811923
217147 432863
808017 516909
842270 184877
786494 207086
400126 492425
157463 529430
484 898651
66294 703889
381258 922647
592647 151673
388422 959517
770445 131798
654128 736678
969901 78663
306268 359822
186715 641366
785943 72671
944345 699365
362940 697137
585439 239175
612367 353508
820103 339993
609520 884128
135458 316936
311109 523453
640044 983189
718636 119251
201212 648227
61363 771822
421456 606088
834101 368083
687096 731282
756105 731982
996792 271597
655901 733235
730482 362624
835345 152870
338575 466378
430249 984086
844615 535596
334903 841389
358097 368990
866631 848469
547115 563272
22702 51447
430789 969862
715782 263859
442480 37159
586821 679430
83526 713239
677431 519280
315131 749412
109515 14672
976172 860035
397057 468321
972624 674316
532242 743108
883722 325916
144014 511531
209045 174822
614291 406294
159997 51971
844524 371019
799780 805014
722511 543490
805965 644252
677237 453006
163786 819393
293 671723
276269 315317
870100 541624
520529 833657
816195 344744
750948 178257
768082 475012
934953 63894
419293 792320
972960 312880
976868 64423
93043 219697
126441 575066
574403 321223
361149 786258
386756 585207
992516 637312
761763 854766
974445 258906
678395 307593
962066 529601
818332 690866
770653 641784
65515 550224
309671 69727
510060 360139
275878 437439
482688 553468
251119 86773
478271 458
260858 565687
908831 518311
625237 925099
254231 538101
976793 359950
517505 323387
197459 45229
861853 842505
689072 861582
403207 152865
833049 582342
754889 396692
890688 914971
229919 252884
954057 895342
858660 487306
902026 566684
192982 489558
281021 94489
560060 6236
305614 465194
282058 476665
77034 51720
464675 679388
725739 395577
467896 863755
365375 642022
659958 949868
394105 339945
27778 148074
115916 384400
607092 713799
62847 732915
529649 964174
555658 869654
422486 2561
468946 392152
398783 15051
265564 751042
387423 554484
156558 44198
977834 458411
763125 192880
301973 500098
142022 791374
656612 688041
895308 561468
289203 219383
312495 24934
526515 29966
600366 104222
506135 813468
155846 972117
389480 302483
774438 129905
145907 140716
236366 810924
644070 900117
915594 481248
732317 138256
615640 732665
476681 241507
533567 11241
100927 312388
182024 324523
590530 639987
851982 398856
67042 949608
750661 859905
850085 676220
558614 392381
579723 451913
16736 117502
563161 908082
334439 443718
527822 825979
323861 868109
715499 908186
619929 942548
564960 67074
769178 214609
619108 353250
18113 927147
444617 436941
744932 15124
18708 319696
762676 608992
143085 594857
363659 34254
183950 746202
178449 96854
228222 938413
645408 208134
320807 107482
902934 131811
798627 900453
685292 971295
543483 512733
536940 99985
368160 991065
292829 370129
470132 711861
210586 102515
666089 465583
866434 387444
626322 545201
876152 982525
348324 161823
532360 680660
919088 893734
184220 463964
101940 642693
198048 895358
363708 259014
288957 13072
103523 555104
175211 581419
218488 157745
981705 621855
97075 426081
961998 175870
737599 414501
103456 651156
123197 257394
209472 225926
729133 523060
20729 765549
109094 368547
172697 430248
54727 288680
992922 562911
546622 238614
830215 5149
86595 400117
851558 774364
512340 95232
411607 600431
370684 549009
678095 253607
938634 90126
218644 600582
989852 10225
587645 578260
786081 463119
430390 302068
206339 173888
430714 371613
341395 758657
158346 734785
551862 856464
770316 747833
344937 996445
802741 699442
980168 607745
81160 567460
838879 748348
708407 736303
414365 697456
659757 673378
219300 671031
966614 802682
494003 982918
351761 596884
105828 611200
53621 531460
781574 578481
659217 393328
173695 533248
443892 95805
79552 127315
364152 89610
472930 892991
271310 558148
478882 589392
342691 559054
569657 382393
12605 585299
334312 336243
934385 202523
117441 815063
684081 761564
725782 876969
832660 427062
816277 750273
318195 635244
829284 985860
396343 362182
604415 557794
581959 676818
912021 651954
89481 519880
455239 11270
614750 197416
645708 638671
16409 317444
723707 582786
991454 833215
539532 408536
769870 283025
216973 690009
426048 544457
211927 583597
200313 480033
10589 709826
693391 802152
343323 143252
870109 909539
922899 788522
816983 246502
449064 922502
401626 521308
155106 135916
474879 872633
400 125547
355789 58954
819311 853843
67154 470732
849937 24303
550620 75172
246574 422426
942130 886403
876287 881178
351091 156045
572004 980801
861745 877616
327885 581356
379029 227668
853386 851292
186124 288212
394664 612322
194808 350005
250129 265165
441375 271826
783707 461265
393502 335229
921588 98396
524266 146342
461549 639146
845563 636059
306637 566980
825811 799110
414893 880657
110750 988213
900414 675025
406815 509742
133149 635114
759288 418236
884805 703787
528501 776915
477819 462021
707476 465368
782201 566708
856197 496501
998526 384011
366542 182646
456856 748886
771227 309111
714055 28585
507922 106607
543470 561359
900445 895845
496922 260093
162201 402229
98812 955644
851080 48223
448397 311469
758889 354127
592849 450098
731650 962975
922938 466029
235045 266357
220271 953896
3367 694049
965302 885279
510785 963881
261155 736136
856376 425457
31610 877168
262346 546396
308802 42480
92470 4609
914252 455118
884100 189112
985080 57377
728962 686525
520111 619127
971084 482650
582903 584863
521523 499991
242106 661179
175247 533736
381644 703327
247806 277645
503546 752287
348333 988229
800449 183780
287294 803713
610196 544711
515805 535887
961258 616556
998755 430047
644714 206939
117674 901752
462668 368199
899063 808767
723963 579608
218196 106111
923461 625554
348963 24190
744787 956859
310859 305410
949813 341223
458321 200955
110625 204481
896740 187851
714551 418258
329045 114676
507850 98387
725368 538689
850487 26152
136009 634345
250932 840201
481442 320481
828319 641945
488094 614899
735089 604474
569218 404762
125010 654136
247409 65250
848734 382413
679635 972142
659669 773604
587585 628462
590550 333930
798266 143038
377921 373405
765854 315367
5154 578608
420441 532161
261402 222017
285094 962350
752513 911863
379579 68591
434466 578263
649494 640861
66286 677780
385221 561396
769449 342358
544864 221736
166305 636339
603767 53007
75756 142897
917830 362828
435440 331854
167171 852859
686783 109583
547919 701703
11230 321540
613179 605050
517026 373284
850890 989839
225876 509154
556271 4953
743035 316183
480829 328618
889034 459481
414874 171080
904208 435690
765488 864825
913225 50016
719138 995262
909292 442265
37151 751453
573753 443164
744868 520516
89252 737046
452999 984594
661308 963316
350235 49316
991691 566544
555388 566143
419361 796052
526783 413180
240497 458105
110161 780161
483278 438043
82989 603425
238693 581649
847259 653818
80983 286584
76090 496694
437060 676022
684466 311367
636988 871605
507146 538000
480918 869507
774005 237221
362462 13682
331054 699912
824406 547091
461974 864550
224681 650736
632066 599496
281392 604512
191075 273618
707745 232139
219509 819724
606905 595749
891215 47494
75578 542976
959056 759357
453782 528865
974178 643636
756749 308275
834096 54876
221034 668988
577661 917902
255917 339462
720983 639959
385866 452629
626488 959655
831518 47077
956150 30825
297826 17481
248055 639422
235410 999508
900876 775661
979776 976628
717356 548078
760633 453032
263086 416423
427843 493053
343567 235455
297729 353988
655482 918802
60307 713964
976357 66986
725897 410051
58022 530505
633124 650066
590712 594453
172457 948171
411947 630032
558091 344500
969828 503821
594502 299761
748196 963217
801055 630006
939053 827183
675577 720414
241797 794206
65883 629291
268479 80153
820621 315593
545806 989241
609829 627333
193723 841675
281857 977749
596068 958117
440039 186603
59734 859711
475824 928271
625687 792997
464254 564721
154246 745619
131373 434098
190686 613551
361316 629962
485755 85615
822472 850103
945389 715150
941244 663067
745306 836299
898978 898328
397402 52433
415491 909574
373110 753839
677679 348491
506873 777318
559214 117516
830020 713829
549340 519544
452755 781267
548919 281546
49265 493959
510313 824743
309347 713976
117135 612728
804530 893259
914129 818098
677692 496381
591135 548513
348308 297545
975880 650044
240131 458219
816097 672865
967971 120839
545109 998360
799471 593855
863087 200379
411857 198255
141939 700700
40412 828863
327190 439693
349503 163162
190327 791391
502585 751219
678875 751678
461733 701316
997685 306127
642824 145438
805459 240621
626842 904658
613126 241353
951218 881716
928474 929168
380816 895181
858063 972044
505547 353023
968411 589044
813586 849525
216731 83772
148893 15471
639015 375057
582570 998788
219653 310517
15713 655424
871770 950285
743609 140786
266013 758630
17598 838385
812166 906023
561261 168519
561553 741546
657044 556956
305417 412784
360318 68524
335566 833161
898463 979106
798283 912200
11214 970265
956944 112792
581846 163438
716016 855223
555093 475081
30760 937628
105635 752480
965547 540280
632621 400570
8992 86076
729852 205742
726805 147049
117270 67630
177892 649726
933733 110851
45466 624236
526296 115818
243958 331769
777819 750081
315958 913930
438244 540505
630401 412562
580255 185796
382411 776394
869870 481673
356167 805251
423104 532663
467906 978789
164286 408377
530560 437644
596128 57451
832798 182816
210020 723963
244769 487303
479060 647883
941405 440332
889823 45811
609499 909304
509179 302540
467441 147692
528388 575635
575021 35740
689027 871495
8978 611452
44536 583493
690781 219800
893176 969527
208443 428216
770499 19035
777658 319692
222728 134943
663258 577200
140088 773747
623182 467767
913333 407592
42734 413098
829447 865765
303748 522639
813028 223503
55367 381214
547066 985193
651653 862568
292025 257931
547784 122879
804693 885560
46899 300332
662556 982222
643511 614036
173050 430761
470144 219567
178294 937680
734993 996195
500692 261403
392676 771716
380636 400577
7444 477204
537509 173118
225730 167862
667689 344572
131935 741367
50978 832015
536280 795327
586794 511528
519770 783874
260522 928649
243268 861219
184098 872420
402520 194185
604976 303094
227440 125826
121052 238660
56567 355035
342838 134909
563203 626371
195143 365300
769685 684063
98471 78998
909473 429050
953685 925986
905407 955771
532160 633610
403993 757751
252118 116260
78414 739155
57160 196376
190831 429383
466723 914004
645347 23878
606756 934951
659074 981077
277836 203354
158102 746956
1005 964759
977819 677508
65108 737138
163377 409734
793048 827655
374205 458517
518288 701611
205645 381973
548601 164274
59077 718695
129519 371563
841536 720212
954520 706542
923544 251248
701382 54938
317569 485053
195475 472898
361953 40580
7912 844617
161434 793830
239218 750944
206839 668194
515963 534168
1193 203118
94697 896774
953778 739821
659960 295483
805944 836785
912779 726898
491143 824990
898241 969824
996187 554711
928586 73483
992899 976262
228949 660702
229204 23260
377573 269568
52110 441614
396217 896151
360996 860014
970099 346258
882047 391160
715495 934646
127658 953826
572008 205723
616046 550535
981589 912990
85741 635112
378085 995396
681849 17715
645673 415623
555853 131984
414754 141698
826916 146807
804993 995215
172594 699692
632626 202832
564483 45057
86797 155720
816627 363578
626326 819665
41878 628959
529678 625944
608335 324271
79688 558842
258892 525074
571447 956262
746811 403929
427809 749437
251746 54061
560272 314597
8448 93237
907448 420426
147071 621191
597071 779563
771468 823795
555623 205687
445374 380057
312152 901563
111526 444168
30369 745590
737652 360283
514556 925514
730310 383144
250857 621639
223512 729612
494199 254494
292862 190358
725157 181123
387835 315858
528488 461535
750418 207167
317092 901669
470319 717911
25255 115491
356321 477439
884525 462139
684772 800830
416545 720776
61109 151785
169032 767395
779520 122342
23492 428052
757553 282434
2577 705755
223551 698879
740729 719391
123832 76838
638824 33081
322212 702203
591030 119681
261734 995767
31550 722057
891061 382343
570003 500656
224891 663403
795024 99680
916490 768083
459671 549530
850831 247143
175183 552689
448542 847672
659451 517523
251531 261221
358639 574694
274631 623367
996241 474546
773500 187025
541743 508971
174315 442914
502559 322406
861217 896186
109155 512645
598059 318636
335370 33008
612740 103476
462893 736212
411718 401029
342814 56149
180450 124439
494465 153505
209619 209667
229791 238726
684013 285428
535855 429096
537612 41127
471501 765723
805694 372930
190272 411600
536587 404299
457042 326942
707572 686956
121507 184275
366532 178562
134588 860132
320552 860378
208365 424689
233684 764148
957283 720530
796989 810205
292436 676960
264292 823344
156041 900541
198419 207873
701643 948285
665425 626469
891354 290910
205868 883086
130466 692585
209533 397510
692355 180380
474865 145080
98709 163859
307192 4984
765571 379163
546195 170814
690080 878943
939283 852971
311932 142586
35948 912200
862978 554986
128493 433269
968757 688406
252360 905923
615985 779178
229704 742044
708578 987574
971848 623198
176567 328203
833649 213966
197909 755962
11801 805895
424589 194908
587239 32529
996136 936404
797427 873494
509453 105782
528341 939060
153679 122504
396135 374664
270135 695395
139032 750232
626677 446664
490101 949380
361435 892406
979565 604083
747396 714138
59464 240968
251181 713468
110689 584704
372178 447809
691706 830792
128356 147644
137307 783212
212314 398100
152147 515001
620821 351301
344676 913879
912804 664999
630168 205793
278158 541886
372418 393588
160423 790818
591338 46822
948944 127415
746231 895460
805581 424824
384737 505751
754729 593510
572970 311395
221396 72073
260398 160066
291808 585122
186647 650801
34122 513227
906118 878517
849577 262652
475176 580187
86045 135924
381768 824262
199470 683338
642668 781752
266410 872180
163728 342057
236738 402106
75262 921652
506059 222212
29789 106920
197657 845108
825676 753840
84737 446767
556549 541859
270837 312375
145602 635705
818227 116614
75797 422330
175059 242981
478149 10238
998774 352645
55767 88377
33187 65264
85547 414247
586037 716426
367214 640906
29670 846856
285079 344426
499768 431519
866220 457391
70747 54285
540106 805303
628591 78294
866090 25722
36426 983634
383057 965166
30456 767853
145864 55583
287235 99859
870665 352394
906158 522021
888220 365464
774971 813368
303846 194740
90422 417462
500674 363101
162449 152433
354364 349337
719788 500122
567364 455278
822327 495603
645898 727580
558606 929032
535647 885081
782039 662635
367415 361795
71527 342095
408840 285259
145789 735359
896052 702292
361857 889818
266475 737513
144195 88587
457280 517175
327089 486135
422832 266253
915694 714814
373857 989046
869694 841642
806042 326732
934799 78152
940864 456720
375995 204265
884951 88293
229644 453734
212209 374482
805354 246345
45384 492636
102575 663999
455427 919280
347509 244555
840653 608747
45723 980874
233080 573771
585370 818547
380953 477313
494027 305904
629571 406613
250275 441449
542634 955895
457096 350132
552364 97417
622359 786909
633079 613671
958817 872913
821791 484405
931252 848978
883503 874750
258726 646614
382953 604677
314021 888424
616560 811119
864413 818105
224089 888646
666401 970592
486515 483408
97711 732673
871686 203121
395007 257941
936912 503899
413220 789393
647042 992980
361352 205230
266450 963571
311311 25229
99463 795178
53603 489884
990843 439831
803239 81820
879266 362335
131096 309510
882046 380177
666686 230749
898307 840873
440536 204146
137909 806048
861466 353647
939162 667567
241104 5229
589538 591210
418213 985213
236566 781243
230219 550729
138076 299602
267836 413152
825095 721086
942650 982508
238075 275785
287084 874943
34111 658612
286682 699294
237630 40638
229726 483281
964201 99741
569723 707212
646001 742737
255493 557383
163301 165449
783913 680345
775629 961384
228838 78072
940472 157860
863423 452171
913897 82889
656803 272869
253474 901933
764227 632930
334885 533383
124174 292642
226367 745395
401067 542941
777058 722356
713660 993203
48056 595571
343749 542738
989384 74642
888845 964532
432447 844169
285945 753637
681968 842009
604 218669
81575 33003
656894 239527
826112 262523
395665 673697
939432 430392
785548 588549
491474 66620
244894 449853
203910 683230
4984 910995
301894 19392
314597 797862
99229 943346
119069 978121
778732 590171
398288 852593
461119 408124
276137 461013
431468 275865
952862 596136
909141 812565
672042 793133
988214 18814
492756 571875
994604 517185
657451 66504
570595 565660
912888 359096
499967 187077
681551 862931
904194 566654
970962 528844
887300 443215
290536 816226
895612 456824
59827 582429
514182 488438
779944 233942
251946 382970
333176 580932
848830 727868
150927 657386
979389 801511
873528 107863
571730 305796
40720 532941
737968 587829
918975 77252
409308 754281
728397 544490
994521 364404
139913 936378
178674 720221
14272 999339
911849 729184
919640 625373
667396 472990
468606 357259
26173 411573
666295 685521
508370 380172
328246 128549
372581 526631
278839 503893
902837 399427
937320 530417
198782 751289
843280 447979
299426 754473
729998 917029
567457 803561
887787 622723
607104 623199
172794 322988
772987 636693
471059 798428
10633 785374
760455 836031
12510 966563
921027 896948
573250 64199
123241 862497
70053 623423
362618 263824
910832 191506
108527 723599
974597 115888
128500 868803
884095 787982
349875 400084
840946 608766
105619 668044
327801 540342
13113 197032
988414 843242
883472 569645
902811 850099
86683 593162
669068 75634
118284 741666
763884 348229
170529 665071
517192 722137
947147 210744
759176 499258
238553 976833
344240 860920
60062 667462
683688 521107
232215 695365
231081 680876
875640 984020
916279 503367
636826 105295
269398 135353
944508 510747
31914 926455
983887 401683
789496 836901
235523 889558
359876 849410
780637 55699
535783 355915
470718 350787
193339 444721
147038 307219
793381 193882
262102 526931
995078 948473
232329 830974
590453 772980
143596 419846
812362 371518
454606 522025
593549 551819
793136 134292
333609 81757
910146 28874
91302 715686
840199 137246
107947 766457
907180 494277
314835 925075
173467 984431
44506 390296
373120 56680
162286 733214
740804 476352
643548 213416
936355 630224
186774 42542
701549 654807
704911 387943
763590 76138
256489 902856
744005 895322
592367 896885
564502 714404
61503 617483
581195 709814
878765 34389
559238 649867
637086 435061
763460 165363
312474 934566
986775 708487
468686 17635
143625 620439
249715 187905
342967 287363
3170 940344
113095 460150
256905 535285
24402 151200
962905 93556
314955 778446
723353 819440
498999 561995
127525 663549
449159 643
861493 194388
994763 481502
258635 372506
911154 282201
47431 2731
175670 830410
474668 966843
355157 590735
116011 378045
584089 60400
573185 179856
353922 786162
901965 776045
69304 177338
779520 92226
935659 860273
741619 754459
970201 457706
545713 101486
703460 422906
597317 969147
46871 478993
140183 342634
749872 360975
715191 337084
780937 262200
594072 77216
643350 196925
510248 200611
492371 541177
560854 16526
156455 636261
103098 918830
245819 920549
921152 647212
41624 163444
252509 943623
66557 83978
731488 454622
369947 221798
110149 737932
125195 197980
760319 815489
871428 653090
94665 134273
610103 84118
781792 605496
764750 790184
999931 77213
42682 739974
161818 340391
117047 74370
450536 811795
402577 347510
9840 914385
560544 911991
847759 872893
877655 697571
407965 584119
295658 750424
81515 900120
765941 957314
307652 753204
132433 736984
771862 164725
878988 453095
569825 147692
200916 19108
735246 121693
711336 421877
187780 293245
238565 578652
343033 64388
635268 978683
901156 454338
997823 83209
122570 223783
591644 70921
253626 504980
606759 920625
699154 790346
410222 825016
492331 289246
44262 226556
684097 946110
87669 140685
972022 692070
24232 188282
615396 768832
475558 512709
528429 702505
871670 726769
54031 97571
568579 726545
169319 422468
461986 420107
259870 903550
792617 9345
306089 414915
929987 771649
838176 283119
534985 440682
383044 280864
818315 119561
111552 715959
518834 206694
709248 252534
540163 641833
641907 464872
255354 809093
812594 583871
796576 493078
577905 858825
347869 705375
63108 74095
427263 903341
137599 94098
470444 275179
230254 409261
465983 375953
321528 787371
980073 489943
161280 794160
773787 106200
47479 463248
8184 73897
334994 905085
268555 475057
923560 141982
129715 435229
807483 55635
993723 635908
147190 413277
197593 28017
171062 299608
563689 670238
702 106635
560074 600095
201408 545758
643417 974
387698 930698
195043 236122
840875 804315
395822 427736
126025 510373
267609 874543
433774 663289
139884 946008
499275 51418
890136 67368
880151 976567
974874 264097
513575 369884
509362 219060
750378 759580
40285 4859
429237 247454
281210 908107
555901 858585
552759 830967
399132 199176
412171 241889
151679 891609
78937 864410
514586 195273
568820 679414
129656 323985
43873 669343
248374 910716
699777 109778
895484 19434
36958 366727
487390 621623
773750 752683
831954 917433
151298 861006
148048 230783
914608 910787
478428 507423
539678 591367
764876 473613
602565 87642
963987 193917
639732 668518
620930 16466
659800 460675
814735 563727
337535 428426
758852 607189
745618 873467
96402 418402
420875 314738
594365 537975
36826 183527
878648 342876
885732 753741
66803 193210
453561 893377
704247 273107
608835 681080
171595 15976
71883 783126
846125 210236
78729 658857
504351 356765
289596 857481
137436 12720
823064 824645
813226 132709
321042 289718
331084 75597
408661 356618
352104 518898
532030 646827
539055 177986
360901 470978
628852 104090
876298 286003
905068 687285
204931 13140
254555 815763
760801 385835
523222 915087
520615 910932
391625 301297
30833 383188
111655 731885
876162 214611
100020 724805
518509 469035
511083 807724
182837 941290
122699 228745
631221 68146
352923 371748
72270 239781
337238 89999
813516 576561
56900 799045
425305 55921
853832 986401
461289 906763
675281 16059
700986 552598
228840 44159
514323 879337
814799 770938
143231 933947
175476 193946
998449 257879
57807 948244
321713 893283
932962 112196
298375 75812
846089 906504
803116 506271
490742 818645
239846 331311
104431 504933
295309 33542
185578 829776
241461 196500
721254 373640
493927 963625
881244 981744
289705 663096
273817 427803
231387 78332
726697 58756
727372 868900
46579 581975
988405 989755
886630 212235
120284 874279
925860 92660
676864 979262
408524 742721
274352 804971
454693 98101
809153 709450
618648 453384
691741 500379
544444 344610
857456 6100
318859 767100
448284 7145
671495 250346
194101 537253
460570 343095
324390 963801
490895 242491
628291 920623
809185 429700
355013 871932
263610 509298
546715 435727
712779 419732
821701 50026
614790 705740
460282 392199
53749 974950
671987 554874
708399 714361
606386 832271
276996 797838
457550 361802
903935 691393
857936 579758
3462 287296
864762 976449
262860 498302
30910 158834
63600 940708
314193 434997
434782 98047
26662 570333
913595 868009
257146 937301
450385 463239
530570 148487
521530 964789
626699 631333
370758 165651
294327 74510
820955 439970
383273 184880
537582 4084
639358 119888
180867 299598
492702 467206
591397 66668
202346 903478
117567 465016
784528 765468
894021 939572
290298 74005
932355 238743
167843 346218
475149 349388
351917 490951
54814 120363
927098 733950
811275 297655
656607 393510
766961 540339
244963 487899
667389 806315
788445 739165
291505 379955
766024 30283
598773 130193
865230 445133
812777 539060
373905 882727
816897 24869
791600 91773
988685 321233
825515 228545
522690 722914
620631 408022
18786 916768
284254 999700
899094 548829
281722 523033
327008 109921
24910 466784
766748 838744
464221 550590
716556 155970
41881 53898
266748 472832
670319 515280
51993 747685
594722 629913
754954 678460
185919 121728
420220 702576
74372 605243
186214 484219
674905 168441
382486 892452
16344 644301
114215 477921
770288 19396
833342 79414
360799 700165
871169 359498
759314 47923
826877 339786
935812 44319
784778 340056
47807 485006
342490 195623
485856 44510
930420 40195
645795 81415
725044 999181
456356 91234
297204 613988
19820 317997
247955 36192
154685 330538
925569 92944
615870 69790
720775 607477
31844 583269
923079 984249
60557 588795
352628 661518
603676 423265
715640 898462
60803 950588
122829 564234
158506 424480
425065 486292
762979 464166
29661 139945
40355 878589
798819 460885
705353 2836
293333 507031
870255 870251
816723 344005
372612 177483
159845 14957
682160 638518
289334 766887
123237 174840
979856 69856
134478 123123
853615 298992
551902 410004
982916 741211
471968 563415
127476 949694
514962 222503
211850 665155
908059 671996
867008 481510
521320 392530
423560 674185
650185 478411
539924 340168
591380 140217
521123 246942
318362 854021
538745 47165
240545 264343
165031 927245
774061 57847
453558 970519
574177 209041
378770 821660
