5000
574621 762852
51136 471841
551980 673106
964647 411903
913912 672040
847980 800052
596557 904945
387188 520063
418506 514571
213085 378068
82093 810577
37624 272532
617837 716840
924364 676276
896508 125577
457154 56832
775301 416343
939433 799686
205955 327070
134665 682861
598652 882885
822790 122126
637348 593826
544098 255763
547639 85412
277433 443770
272110 602715
479688 91656
852693 135856
845485 505661
244225 881307
692772 481489
838805 337045
309141 680924
670557 825250
898844 959429
647722 155420
691763 41744
202419 457899
37650 224401
297722 209136
702265 646326
254409 135271
949537 975005
100444 79173
337210 279217
645715 494896
397962 5954
919383 425892
247889 165794
498388 337612
302587 661647
690437 187123
153422 33492
335359 892011
956422 150510
152194 186956
166962 377709
474454 995384
467669 378885
882599 818450
511200 217112
895174 586194
320839 28015
494816 389519
440924 282951
589969 270871
770661 474579
791330 665210
988144 91333
641995 537916
333072 75196
721358 483737
644035 781406
519206 83583
234139 385314
584523 8417
432358 275816
144411 12446
770708 233786
865552 311485
95059 820007
547779 933887
315460 126249
367810 489785
285517 331318
399326 988609
690757 301496
591011 810786
463531 615767
537060 355880
433916 772271
953760 958540
763744 829359
771236 948459
453519 690692
299786 226521
29292 797580
162659 866363
465559 108255
579082 538253
44107 354004
250519 24988
798919 819872
604350 61653
882047 870894
459167 496777
274365 422935
202140 16255
338060 128934
283531 813930
827144 293382
433140 872084
215722 757550
138128 277050
515376 647830
691462 661387
978490 965260
144145 487213
24535 452204
131891 84016
299177 863367
482571 256215
40824 595164
348487 529218
564836 988
419363 381316
431420 73355
814804 216274
375698 61989
960443 473965
721113 844386
874158 263402
102317 95695
976123 998827
238613 682068
569219 703191
186984 163517
234993 580305
150687 629167
771471 359701
27699 246379
569094 212660
654510 662844
296593 801871
599203 751839
775637 53837
381104 561169
994168 610321
792162 68919
17672 985929
614255 282039
956923 507569
383575 646523
241232 181114
135162 167189
999139 744245
934904 153612
493629 698746
81091 449836
488986 267702
281585 717071
364076 176701
966536 28235
309985 53828
939459 815570
163252 708833
988539 156130
971595 557242
295341 392355
3219 767162
610579 813593
970774 477325
245511 535826
512267 360965
16163 686998
141979 575176
743295 851920
417345 369290
581033 349030
674146 36092
223475 115961
627486 428104
442411 876110
309016 365644
556242 291514
739468 309375
926379 457332
189909 730869
822564 457636
48078 270084
647050 690422
483378 700327
192029 198601
945770 758462
533725 704129
186672 917365
152648 242871
556838 515082
10916 490545
210908 609457
27845 887044
774995 35520
968695 961345
671930 946778
452596 597131
496420 644671
598619 175004
498432 138121
570632 151134
712829 121804
85436 691510
704259 490450
897480 416779
680708 167673
215698 159040
12385 199925
78147 482851
408548 880760
792875 465607
253187 814312
513213 201232
333987 705725
287210 865582
755374 255232
983464 668121
714072 76258
426309 997963
74339 60533
214044 315933
652704 25685
361936 103548
852544 381550
663536 265817
232594 753114
126699 620604
957843 653485
497294 980030
341245 901451
436977 521021
412264 492634
325072 844361
228110 139752
368750 378316
908116 325210
609794 378076
430004 37705
34372 808097
970493 446522
577335 262922
556269 608622
371437 283710
96955 95234
212866 983650
74873 592760
133181 344472
163365 855478
85717 797517
491453 178325
850666 580199
114645 665421
769588 118307
987951 163264
753582 497030
856883 913534
305732 37845
341092 787014
727775 322439
142618 389585
351886 995733
547077 85319
617949 195451
69687 743441
984518 316800
921443 645038
128610 742588
297084 784001
889753 675195
932046 716481
250279 96774
324478 453589
903443 465389
328097 620254
501285 148376
457429 485258
728864 187241
552302 720050
90158 789985
177497 865599
374962 993063
333422 327510
474382 696332
140928 973294
150937 731192
916751 247734
394355 217807
707801 255261
38013 87661
974294 888195
877980 337345
807367 956339
12636 972222
789854 305123
387191 832861
703720 352978
471010 885890
802390 595337
198829 617845
311726 825657
878289 586720
783703 988386
427404 85819
637578 666055
797859 492127
412102 474168
650896 404168
95377 503045
355749 415792
638639 358382
241370 427533
400543 60359
744615 951383
48812 142485
596225 785475
157317 2100
274666 810694
706308 549993
810712 251224
361025 463422
811322 696684
17539 971798
648937 753317
969791 497863
29820 753909
999199 922955
837418 407213
230720 903488
785560 845466
682615 429313
410159 521972
288988 181680
624772 862937
476063 321935
305909 351989
715885 254300
61076 615172
591683 841185
801364 613364
321126 306559
768549 738158
597240 89878
193859 893168
16989 728045
480830 502844
519322 741718
702918 665516
154981 246594
723848 446918
930598 378513
871529 568863
659273 566303
290248 49070
724739 407324
405552 223170
985116 606149
798092 39975
376798 204869
621653 962664
313407 528325
741347 100994
754382 166242
636970 372627
416574 880379
322475 604501
29445 19493
636419 621951
455402 559300
759519 208657
258124 269759
382474 791870
272132 575134
195140 232098
266710 471250
922883 530410
796424 100103
346650 128845
587588 489256
191174 306774
735753 247268
119431 135010
293707 538021
520237 568060
36754 47068
636159 963706
92017 173628
477827 299112
93837 713916
675969 644717
51024 556304
795231 855905
383985 312972
301017 347492
210951 382519
887952 995154
356041 642246
539154 156156
475617 985093
239131 437686
119789 727985
973550 43679
600194 797655
400671 962323
348230 775647
78958 943331
240461 833379
732487 636520
232930 680353
89035 368628
720717 836500
227613 604117
850213 112313
153974 319749
446681 571984
485780 222031
218113 23170
212408 369920
786935 481870
206770 407968
703099 264335
329421 517979
736751 614780
10970 14764
21892 901032
929919 100154
829214 103844
523564 474637
730603 653068
123901 607350
375616 301531
531740 458812
296254 726812
881302 982090
58276 675509
172371 465706
803812 311649
398229 733539
522236 600190
191972 206821
245822 162163
964602 520233
434074 161646
536064 760912
635072 721509
497021 76412
271478 555514
721049 713789
396682 439152
524540 70187
92062 210624
968287 358793
325956 412395
871010 974133
601149 566197
962746 634091
114347 381482
496164 543927
351828 630760
21173 383907
700873 486092
706123 42914
65581 781477
921202 524340
764578 117266
89869 835344
349318 649465
346458 137262
646284 188738
753556 190664
669795 461588
236451 839460
925915 348792
188914 245999
507870 45122
265906 423428
309144 265766
743732 37001
324205 444100
500019 544163
161463 812974
598712 634111
751758 100262
510966 483780
803040 993757
297637 388913
304822 812690
32614 761615
645653 522835
338457 216314
304136 200698
115780 580037
947138 322078
980605 399092
392743 16699
950776 850144
806807 964896
210341 869782
293744 159240
431997 489205
380103 190235
655559 874596
326810 958938
844787 481029
947754 648873
546169 434381
213337 511092
802954 524995
1459 108541
922562 850578
821499 181921
852539 783546
65152 925638
844740 818972
822554 922446
254006 522811
154471 474568
294860 998989
339378 499896
15508 186770
696057 120907
139726 236570
838109 667972
39621 631837
590913 535752
154656 374202
718166 780441
805689 583606
263484 489828
558556 531270
899496 756208
857477 719803
59030 294807
539488 412928
353410 902831
890680 518784
249403 271722
710019 258018
359859 548302
465677 217509
929787 589062
950901 18459
67583 453367
899542 478431
700132 796179
656403 819433
977993 975257
390591 662789
13880 369499
258890 933377
930379 678222
291655 330088
641618 609391
322270 453952
744984 987008
713414 77466
590564 600901
58165 207596
358809 32440
508214 2483
41389 269233
191424 639154
873219 833384
724108 995274
877971 318196
221235 546169
745531 98876
406083 424141
65208 300899
807645 276955
778106 769868
756170 440706
211687 85072
92302 466580
644607 342813
299953 619381
593236 665385
738492 543614
642152 94708
257945 120704
564884 62483
986716 375216
298600 439339
566227 389892
480916 144968
508568 312517
960231 971979
63080 438826
723323 631067
254694 147479
769427 521375
787663 79689
835473 74156
776805 993907
465995 823943
222485 285192
483440 125825
603538 881100
878654 908906
797669 484029
240350 426721
713264 164907
977711 223894
158442 42431
712457 859678
256198 884414
880375 897794
61703 370930
348788 11896
832896 747998
371776 355242
50482 832961
12632 145470
516344 108119
836834 11408
91289 465085
652609 683940
117107 352893
686587 383728
452963 879437
68796 430761
333103 177513
243920 783970
359207 483060
739611 149132
843730 312567
590888 961760
961942 462466
10584 693953
734169 587684
333508 854051
226358 196024
267536 863571
882776 864141
952591 846683
72751 928588
198701 503084
241218 398876
960702 89051
658434 423368
185617 259822
505905 637089
90757 477584
672774 428395
650135 456903
707577 941732
734761 590730
316575 206484
265052 846035
295866 385056
623315 429919
906195 512275
496890 354197
961385 477269
755481 472449
765436 160402
442215 945142
824318 834414
218372 546426
43090 106373
993698 432289
449836 712267
68411 226416
555583 472830
709305 993279
871095 398527
650668 395248
694224 257975
799993 205261
745737 934789
513869 50456
924028 671438
538283 196542
402761 773569
675851 372241
351443 120049
527197 252230
10013 518549
115981 420950
980683 860195
61056 742380
437024 808823
89081 335505
435657 2856
95358 107020
144233 796994
602719 377318
334127 910370
849468 947427
941690 419069
554380 929968
577387 169210
586588 321423
662722 170300
170124 633837
284606 465763
548080 802451
269638 697609
480594 16427
328417 594028
816230 589777
730678 830752
485661 642290
288561 110807
816636 839418
697179 735983
208326 388118
38667 243398
576812 711712
107464 17218
862062 944778
294503 923247
932187 197000
335538 935695
222047 908150
671193 828920
247458 578693
970647 860760
671435 967705
934284 694012
335010 693990
926619 237443
458175 65729
295080 474336
552632 727048
220861 902866
418958 833865
974240 404433
241692 819181
216320 689255
587011 641049
747710 719152
651167 596059
279589 361221
148210 783303
115806 807600
533317 200081
955471 397076
254084 381265
624340 695068
869045 402287
671188 392017
901960 472376
127837 275039
652507 115595
191081 294110
428453 24023
85882 400303
9289 858486
126974 776746
817945 132687
647814 304042
885272 553463
386671 128939
16911 849536
812356 782499
757893 712887
129774 100032
900714 721367
78434 110977
71409 300973
935333 821076
699975 111592
241464 101768
685353 725083
890862 538860
253707 133002
719838 386442
873230 641625
770091 207145
174562 341089
793834 558232
639046 896956
777500 520691
153513 408955
300542 255140
570074 333081
237139 495400
39630 124454
601857 406605
142859 254422
872263 716752
356528 913656
709630 719356
842864 774541
940646 919131
685042 134481
850327 495898
145651 614186
839493 753023
266576 927129
177422 770678
355558 695171
121906 379360
119045 804165
152623 975830
118949 89520
665279 310943
514516 29211
870355 722312
592710 536749
11852 47924
721710 351253
6402 926255
222156 508500
823163 609651
552608 121830
577833 809449
752466 53061
207422 77739
258207 123814
179849 201686
573036 126386
41122 195604
489118 583861
418368 11349
248874 913517
846932 640530
809113 206400
414807 657098
999766 348113
28940 498359
849904 498880
973030 806739
372223 97068
752752 385655
576214 657856
442108 282823
630918 406292
771234 271610
599404 350879
670733 816647
473736 573395
166292 624046
727372 824094
439702 564051
742139 116834
997177 220052
484722 411235
548607 590412
723748 850725
981223 139170
131187 162082
67323 937688
553421 504362
103827 818990
936238 314373
560484 684122
628977 834641
550986 179953
413945 722331
479480 470844
37860 693646
342401 323739
290191 911869
514086 868480
564635 237920
125386 962723
58469 186780
685056 793900
205627 688588
561209 434821
583688 647319
592290 901669
401420 281454
671034 792665
27821 807165
229067 317006
881364 251387
802945 705379
497739 397022
896111 138726
862754 675306
201001 910376
938815 948660
97671 234678
230509 73362
709119 297624
293404 524474
395562 864219
482068 541812
786515 802785
629969 841041
762758 159960
263723 760732
831444 910215
426451 884389
255825 565071
517597 581244
563320 113143
443145 967169
117677 810100
773726 66033
680674 271914
489846 919301
796094 31439
299649 757819
121080 204669
967334 930310
174822 48707
836136 644105
376853 570177
540750 523417
353542 448266
621497 964306
481865 674740
217539 443048
850790 648345
471648 543614
508218 847367
927026 897441
750522 812547
516095 345156
24722 537051
433591 180507
750426 418188
786587 210622
483604 52609
485224 886497
329871 355276
697709 407821
896894 497223
521952 48446
381964 958462
352348 373752
318477 228302
804048 192879
848398 396050
504249 788449
52755 923963
717515 473519
239574 672661
310707 286412
378180 248244
454091 226497
75198 201139
748373 379566
432940 594618
348778 164337
740960 429604
930799 587201
399756 395936
959151 345333
21850 991655
211308 227929
558487 287426
509407 227969
146021 871857
4126 41449
19273 393262
919555 38009
46746 977604
231964 749872
756964 832012
88761 705553
74203 212020
27453 882412
248110 624672
454323 143164
829444 968987
669794 948503
870168 510324
250490 193983
811899 843588
824146 304269
468176 153439
139063 600611
758414 788905
645270 185628
394176 462857
306591 213553
924473 423661
495678 320417
832715 949633
169510 37987
633457 227350
330771 111341
666848 155757
878280 101609
342257 961407
464269 706921
90358 965761
491750 667109
197577 810124
215796 542986
709977 197654
936714 716839
884690 810213
664587 107383
903170 868421
793405 719347
432216 763569
310999 457031
705503 903603
943110 699462
596418 755036
451464 806040
427303 179570
547353 196289
726721 170566
443908 206237
905318 615685
329087 243062
996791 969479
934301 75880
267072 864949
865313 6532
369162 179795
279019 781354
601757 450527
212761 85545
569911 452744
178168 958550
225503 506073
923805 204670
835938 231979
140596 732278
858084 736919
464418 630083
682444 2551
912063 94751
75148 510863
972989 924405
682071 986175
279247 362014
747912 381754
223549 683403
401129 375642
154 730077
187763 294947
864390 914650
152079 524444
685438 819432
851478 22191
971097 287291
126046 576673
88441 566893
492529 699708
753751 875152
969700 385297
805437 550360
287967 582816
182012 380856
277065 519596
849335 730643
975858 345046
347059 68391
308073 946238
759640 938799
312212 198644
816196 840720
910433 485602
96597 455027
259811 137781
770535 597880
809791 10625
421896 736627
860410 332441
754589 895391
750293 322929
73694 376181
276943 721048
551571 48797
150172 909570
4813 146968
5227 848396
554431 408294
506495 144803
704653 570942
989260 643089
717995 749822
317673 101090
127690 623384
464944 568930
368183 578130
337025 658865
77186 229606
183707 720026
185979 629524
776736 81275
580468 980009
205057 72993
453178 904415
40708 350805
975490 497251
291999 984947
439712 772974
165354 133263
665025 687128
630663 669608
250473 690370
901276 733085
559626 187705
454523 356245
327407 952191
257392 610554
605908 437386
370945 213209
93326 489049
898138 281241
165962 648924
565478 641147
765575 707265
248884 111545
121803 545308
107055 422654
43362 143309
740449 764202
121482 111775
268440 947261
659850 698854
780760 540607
195740 305909
612435 466413
435292 840986
73484 920246
897353 767076
2038 281852
267305 371381
64903 277352
60769 506144
85379 186625
803771 337759
458525 206190
53141 428713
144518 858537
801523 593810
653898 525262
488313 407422
356145 950254
789608 956223
563191 835078
394925 30329
259122 244617
570323 122161
656104 207301
787008 421863
25926 976465
319780 442833
768966 813107
170669 707107
22629 452522
36451 618464
259838 980913
613995 363473
454122 856105
688542 181375
367735 697458
875298 45214
702579 851553
275501 39550
847455 45035
883954 749768
782082 319792
590839 702475
962029 244767
978402 559535
259017 283614
843407 325486
203266 390786
177687 437514
893549 561450
928868 21406
985696 760313
266705 839227
936583 498116
607241 641690
557158 967572
794598 928535
251760 720108
561358 990746
212241 714771
805373 166696
965872 782802
245763 35911
31277 624004
42485 147388
173950 896826
46526 836087
811353 658619
257360 488870
619909 119646
715879 21097
720647 500239
360368 726259
60042 318695
925704 518653
648719 472711
392558 296865
617207 344517
512537 163439
741728 185005
920725 205176
690633 564373
742124 310128
791509 491173
577382 863515
632685 884529
361032 869249
319166 178681
830479 310665
959946 59568
601688 590228
746529 201796
882514 288467
793749 549063
234049 429838
766482 669964
664224 850558
617105 261550
620941 939538
401383 325183
71563 44429
74882 970868
795135 717643
114616 724521
719927 78924
681946 173167
652599 453591
508843 615589
566588 671114
528132 203556
731956 257377
341392 359353
570062 265275
947284 321958
295802 61872
533058 993153
742340 477135
839390 500375
693717 132159
181490 743231
514920 800597
672436 707870
980230 596267
97807 423334
477934 603114
663610 997980
51889 217372
524346 363511
914259 408078
761377 865889
515932 148916
865617 730356
419448 521823
729573 924042
457789 939114
260698 663716
562883 212055
302629 372680
549670 956828
461750 644153
960499 522317
834648 267598
471801 936900
785260 967659
598571 255623
439096 335964
784076 806419
812464 82101
474718 807594
625237 854810
893507 266282
278299 757860
980889 495444
984427 527789
526240 47876
742489 847090
702433 471966
474721 855525
492487 756854
217601 57826
311790 147248
362937 214876
375713 455998
884391 186989
986945 146057
860391 176057
810521 462778
314366 721574
10367 138151
771748 235952
986860 783347
508192 493599
514203 571529
577506 892897
656966 895520
91114 55972
962349 115466
891512 254423
554730 290185
469054 439228
322240 625606
613491 137539
967852 81057
191166 582148
855012 822110
832633 878480
138162 981733
893801 864150
153046 149304
155671 488150
207059 139949
856880 185900
33663 284940
722995 236239
501409 378703
559360 184131
52126 625310
491252 788194
321286 847178
73049 541192
230317 561684
783753 555873
637105 572765
806363 998817
186652 147447
786347 558249
680546 761737
752894 480276
743818 265398
9066 838571
696848 335968
673618 555128
381211 731850
359217 637804
476398 221607
495279 50366
606909 249401
596649 880048
818303 383262
303797 312399
696968 851414
898787 738622
962561 242893
461191 242548
686371 279087
91631 214016
835355 147524
454956 140977
610421 911776
461396 937975
681768 519318
51628 549283
823801 833812
402346 370680
150863 649093
853906 12208
549664 51793
240492 188986
559926 481115
532564 909111
43220 675231
748285 101831
343274 124987
747178 843581
576274 756213
244977 303469
837831 179772
24295 107102
62571 840489
622519 850687
230671 884660
132408 376115
123353 317914
650080 355193
675204 828135
621465 399393
687790 34750
844177 436660
581460 434994
173864 152029
329961 365402
657311 731673
32041 813071
218581 148568
705085 440870
735775 174308
140543 821172
568009 975672
721697 377803
901741 831871
564358 966498
53086 404693
478046 774759
619649 151528
811779 324857
499295 207293
84730 575927
279351 949480
912779 662125
472414 711963
527977 251873
798862 781188
444761 754914
185722 764737
382754 189428
506680 948226
69634 280862
804001 109520
405909 325532
321280 251177
727848 782116
628238 963037
269359 593108
919246 108672
266197 147273
861213 431362
591596 82783
629810 621125
665726 809713
853829 937066
427876 438578
954826 616444
474102 348543
131070 841586
233636 247398
93412 735401
643763 718925
307640 956739
688656 161511
500071 594352
42702 554407
311886 470344
998417 636122
131562 334838
454744 719224
556731 708536
138441 107187
647208 326019
590011 90632
531153 126159
45413 611331
247788 356539
426563 519251
783432 186052
756296 840221
293326 459688
87216 899369
929530 674355
175017 393201
758340 572691
633967 983098
993129 496545
471944 405620
782533 880879
379370 655769
340514 399984
451946 761780
92558 701347
979106 545530
276415 554874
253365 124061
830974 60333
850430 358561
510833 301231
77128 476343
658813 499874
814427 688875
311478 559629
499111 882790
397472 990286
113879 222248
570753 635497
372466 840706
50644 177334
400688 969340
595163 714564
316378 234846
79025 356114
593728 910229
939281 537875
946202 185177
639176 310353
581736 504980
506906 651869
153928 169626
293907 241221
388563 120155
631335 406372
969766 703297
130098 152231
587410 808116
847800 168086
546149 367132
893424 45320
748763 738879
665789 313416
594652 545400
668070 356480
357019 718188
27844 346336
898957 698933
257101 573568
794070 682469
647042 257379
889513 250532
839900 260934
311679 713589
800991 6118
501427 908132
455420 399743
604327 564575
767743 769508
130659 976500
8469 610406
998796 294302
535341 382329
134192 360950
494697 82916
460961 923649
553050 778614
669289 913592
595531 542793
212616 804495
782252 207675
565038 563108
247534 816630
392535 614146
605723 436359
947099 724111
242422 93785
814597 155786
26020 71130
571947 335898
688723 214257
780256 894714
69970 445195
238440 900389
318024 298133
227526 33539
304693 454286
281128 860002
701806 19792
174257 611916
335361 572917
938699 640051
831735 726966
508622 262555
76438 657388
458943 664136
596703 547787
28283 138815
768810 321815
681360 271756
304565 177233
146631 847419
950639 903698
447197 250202
645603 614456
445538 363164
584378 459670
195703 526723
726041 604933
64257 509536
620804 658157
364208 116883
113052 160419
453864 449069
625068 99356
674423 459643
36317 432779
177587 89501
874687 835283
787179 561817
387468 969678
35401 462856
270992 681423
439610 42879
658453 99813
365396 943236
923378 838949
83322 783861
416954 722712
821521 362870
79823 952729
835253 837801
679494 827058
254267 53415
719157 257865
743126 186841
572825 484116
471933 335421
815626 936043
473487 225049
682982 323339
227321 948306
994999 442650
571343 506932
146007 829503
651749 96337
111304 664859
325757 249721
365464 883818
603113 395552
345293 115306
895348 170215
292950 852263
905308 275077
380126 747971
222659 631386
64488 455294
921844 808247
9616 812045
327379 874968
994064 783628
463565 706974
946161 272172
355725 928351
938436 790403
284487 203590
234542 889568
549040 619883
350033 211983
171246 976463
440131 979693
590971 473566
811295 585076
479291 254962
398512 315285
327974 30989
138317 205824
845908 666912
268455 355894
816915 294017
350404 319340
734295 366431
867566 308641
996498 214702
278640 701219
979099 897310
398232 29749
131044 304759
286680 40652
48756 374189
28618 967331
302984 262436
498120 95817
266718 156169
455879 791378
851997 826110
397763 849883
54287 167666
144357 261581
280350 573547
820445 714393
89122 450891
87568 471632
293839 485798
58389 694007
484748 653405
685212 427036
234608 917511
666177 852294
917973 681949
875190 821379
323568 665328
882234 588915
843369 182425
100730 226344
793614 227243
518682 250613
113147 701743
520619 702978
704662 850046
8721 366858
871799 973559
715636 239847
617906 689638
57772 66664
265903 540550
671028 779746
747146 591492
363041 256843
868405 304858
389917 324068
52134 427958
977552 209059
775495 523207
965598 803875
371895 14100
854272 878490
64272 254956
125380 149455
38032 885746
479031 336838
287122 754308
308434 212528
610386 692759
14675 482869
826438 716598
340184 852136
961290 631214
866941 560285
445625 452512
500002 787889
125845 570803
351138 419192
856321 739827
195449 628961
554946 294784
202738 307668
376581 352372
767110 41714
940836 456455
158177 74575
205661 304025
356367 919550
126415 723889
885918 971619
515151 49145
349773 813192
781255 110704
273795 855328
237745 677100
398895 232802
754 175193
406850 562963
326524 47611
519879 308545
421755 830654
560629 183113
194487 865972
39100 648868
511641 331435
45183 762054
580960 925247
409131 30495
171103 653284
358057 7649
378711 372208
846377 57443
948775 413168
999802 502304
188783 164049
833028 927364
529158 739008
736102 368076
251237 741915
105549 814489
953258 768932
227860 121327
238273 861376
729873 479806
279433 738874
522669 259310
512061 358440
151361 376365
529899 205136
760874 562309
529704 537332
714133 756885
738521 410990
114962 399335
352754 259873
108320 717302
206232 297194
124154 334531
143999 435796
837799 117835
973431 519894
831359 369657
685396 800703
893135 312249
570972 738114
536035 249867
126160 558356
80964 233950
415849 862029
654198 329957
674966 854507
730924 521357
794238 14904
418954 987695
939440 228785
172962 976276
366451 840161
541583 320168
627845 669242
72753 672228
232895 689598
166227 618626
785107 790704
716867 840120
74034 317537
493300 287999
755495 498511
480334 772505
5834 733426
674900 390840
451119 834952
749801 584674
382067 292369
869404 923349
376595 681855
129688 724132
691826 884538
690487 35525
924569 103899
87266 963965
598408 836918
525844 538731
693419 14919
965059 401266
150748 595478
37447 844974
166756 863449
245423 709456
75595 978917
195318 885937
779324 49302
311903 598783
470731 80730
529926 507717
539717 425169
7274 381537
290374 735206
750659 968607
80185 253861
490423 81474
534457 521910
978132 48173
179068 620602
118414 568744
609457 610326
37171 433136
272230 929764
67494 784654
425870 134279
735590 414298
865863 5691
382522 344536
833183 742189
33027 867637
683707 543811
663129 170916
366790 68066
291546 93285
47757 364068
685620 98165
978215 400881
754167 560943
677546 721816
822338 805983
189222 153407
545889 195795
667480 76952
249864 760945
727575 353038
387053 164651
852109 797255
252952 819631
385863 753178
776308 708286
70737 537494
346377 454185
917026 594223
486081 174370
271006 866893
720445 83449
140412 990476
462235 935327
285537 686155
781684 634177
404712 379593
199471 510962
699803 438615
638199 334855
280192 728467
714081 677034
427935 978652
976959 35898
851311 744400
950817 339010
809305 487922
997299 152900
307084 592456
453532 468749
176887 122684
106688 679734
424173 462525
198886 587707
150913 450233
431239 716087
533023 478017
339063 861616
125348 66297
993318 300715
844656 504519
1847 553087
656524 104142
866542 574035
215038 28303
306911 204593
478706 273147
477583 155623
734772 537978
520495 758649
995865 396526
556748 187135
150549 188025
377118 133088
847302 930526
709748 595254
357280 453860
225821 939987
362769 521595
148871 718686
780750 95882
248106 429106
365719 916186
739594 581187
295381 125962
477144 929509
225783 311092
260277 555477
418824 479522
281792 463611
944079 502571
889463 940471
92455 802218
626800 101985
241206 624587
531815 706825
238111 386716
344428 618060
432792 150380
753257 732207
152589 98434
625952 522761
743431 828381
434628 585879
146098 770444
737501 447785
151800 256653
449414 981909
111784 657966
886670 600345
315399 710029
347670 612139
132919 736682
908923 562994
331233 819083
84533 391610
828465 748230
879402 421577
761964 859328
968666 140705
210259 577154
630258 678352
766013 592233
447660 158208
241891 967086
452783 615507
732700 467750
800182 426305
716470 430950
529830 821202
585441 503635
64013 880004
239864 250227
138640 16096
676188 653807
879594 790151
387773 528531
211191 623524
631539 278397
155068 176377
11136 587618
260494 639559
318909 919072
738203 258791
958714 343579
394707 423221
590743 470875
803233 557580
148345 541575
48103 582577
469385 320272
37885 45281
435842 135374
278508 429455
139490 560150
33219 897153
896863 296088
394806 593836
165540 451685
159483 568938
689506 292573
234142 557602
209067 200596
645603 680690
198171 460005
798832 394592
629343 437149
384198 16875
256606 927625
266951 473228
200039 197025
345258 603995
274909 285617
468695 155792
736050 997002
161055 788759
900422 73493
289947 357955
188649 777238
440732 127660
93150 200286
606314 290884
840182 964977
122929 934032
147221 505734
590460 490470
444531 564506
730043 580274
329544 321838
232957 266689
413698 744718
147112 379990
238088 332141
801544 632402
234527 642300
549972 253473
230936 645476
63792 854817
812591 326286
90150 43361
491700 375118
922284 297752
614767 389644
663962 715028
22670 838714
988766 147284
279941 7992
940207 77674
111727 888751
650644 260684
720225 321803
396124 342870
930064 878838
912872 794610
483135 918073
728677 77059
368403 716327
895139 247638
73992 141042
861143 560118
844318 12127
434063 778119
465030 558904
182141 340941
268132 332783
799448 874330
86297 458525
386566 436396
870478 741764
916074 864328
321644 349624
210588 195187
330411 440972
2992 94335
61729 968621
489958 337599
335426 705404
659594 80494
743018 517075
747944 37826
909361 802283
522658 351487
354579 321749
627111 635269
929687 764856
215377 491256
435065 701880
178761 95841
443712 929425
179132 69087
951360 2482
564642 638090
50080 286750
119207 769308
225972 285697
456360 396796
678166 149268
769962 427302
800044 836716
354670 218429
779260 812831
564140 258982
919921 491959
390959 89715
768046 324759
513625 965880
396325 239332
649732 733603
797850 99995
853666 125605
509125 610551
549966 890930
20067 165103
200690 716237
386811 403591
728065 690140
874475 482367
475528 811306
951474 156025
335535 537899
422949 993468
499573 41659
793509 365113
853839 533804
44509 161867
399993 329032
966522 266308
314802 569579
325987 304037
476140 988356
952195 465259
178152 279258
93877 250716
439739 634423
987052 277781
292784 751454
120063 227931
253831 794030
999185 695121
32357 281543
762411 262173
962842 911382
136907 701796
644335 393875
848091 812254
713559 653428
750492 383715
576312 74960
565126 497457
435289 2271
136787 792923
531277 973193
91034 237858
275278 385629
111443 749946
736946 550592
103923 550594
760933 853091
366800 816332
475623 89904
1883 979507
414326 132387
418846 276873
584468 269089
377624 158998
757902 622077
959143 784230
826736 490073
553055 523940
529814 223618
570076 301211
758416 822021
713007 2893
698791 262043
614979 418677
369323 106550
632472 919027
514069 547310
368704 701229
866617 585409
481639 228148
650721 909091
105481 438892
42086 50346
737631 113679
956391 890396
172329 62051
27798 82
767484 654886
770760 642247
876553 876831
526853 629843
289185 121478
373057 884142
7211 719189
743365 979616
378887 378393
846038 52350
244607 450411
98225 413248
765336 400605
673761 717164
38246 626439
746882 821302
446741 83915
330587 88376
172729 397787
1390 975889
272203 705364
955952 431597
351579 12527
794980 712184
997463 849881
640087 461389
448188 486279
221725 872175
351269 937891
101214 191964
18227 226525
480909 277804
831095 932754
606221 667017
511590 588958
766538 301676
222195 1155
130023 241667
211149 467582
223759 642210
444201 887537
978005 500908
91757 673750
597511 418502
563030 390328
340120 310342
677684 985397
42462 380010
703356 873828
781177 644030
741522 523045
107497 147532
765957 601735
896478 10443
561752 410812
302285 878722
926271 940548
830182 442809
732988 478159
737712 527025
847932 344577
491686 198329
440164 226455
301784 500628
22145 445941
717848 674666
769210 152384
335054 110362
73500 576050
289654 898281
641125 70439
917018 558142
175784 285869
153256 796907
231763 233842
783570 857225
473504 427993
803330 718953
741210 65739
759642 993570
668576 798743
257911 670711
337763 359199
928886 909723
950234 780365
350087 444784
469046 168108
78623 401892
222840 784517
834975 31248
17419 382238
640210 115013
978778 120919
244271 73162
493729 463812
49068 521762
454276 33540
998064 851220
919317 347013
448097 574833
134241 601532
689623 850882
315443 230979
551548 829102
339516 118137
635627 328462
439154 752808
93684 405034
858847 58615
217863 63115
670489 862386
376139 982568
682916 593967
692525 706455
296927 866863
496662 24111
994193 726961
12301 987167
571763 641928
839147 107944
974473 401115
607246 169774
214234 721896
255360 767239
920934 380174
51473 495700
744298 231971
703480 978591
393416 607783
826229 143377
327347 152998
768615 197676
602980 916027
457673 346622
165209 844986
201283 45951
800640 207926
152089 407742
722450 265424
996437 814155
454981 950822
293930 187994
177959 470131
653295 256483
50455 769446
335143 959206
766499 751644
684053 401021
150143 733703
193428 846333
100780 926787
34000 187954
604271 791795
752 412021
650386 206165
181336 612731
972402 781657
975855 315402
949924 396984
914095 977813
931267 450151
332674 655807
642840 597992
443481 800348
995973 726996
234819 953998
881874 606263
829734 145232
714634 618275
389040 851066
398377 322184
456617 335984
582213 6105
874208 582617
683587 531467
469997 690265
553215 4296
246639 746911
853096 277382
145157 731674
707833 719024
286687 112170
545275 894669
913630 15797
750772 542419
475161 982495
952950 109371
930030 212342
185510 562092
290175 325405
700473 980376
928756 281851
458343 600435
925927 984255
615881 759994
616960 567315
302879 152092
351954 508432
802826 177144
969708 11143
729583 98675
399699 792649
255472 994644
926291 318217
156853 970453
160475 416017
24674 902372
957868 273541
444107 868543
689874 452032
234153 733908
904065 755509
857728 465230
981462 888557
617743 608252
716189 265303
576494 763266
214173 800180
733172 505382
772521 520281
357309 810965
312759 549096
289146 867212
481353 232083
760562 806616
144514 421971
705854 672062
239047 270155
493313 342506
901729 662409
680268 374079
825725 755352
880321 239142
7589 786109
147495 19497
803259 648243
414396 930188
309182 315595
886233 801880
783930 5161
973767 246642
215538 918976
607271 182200
461001 514197
391354 573863
254450 275078
922689 867299
589793 988956
44276 784382
841602 860343
489252 756815
793246 312218
56673 69806
194572 256653
988875 737054
343019 729612
302530 692106
117117 50487
499808 508245
892358 555190
118092 667255
588795 778045
294415 447287
852639 578951
783534 212947
96781 965850
691436 54616
690787 172170
588291 765684
757427 331570
316132 802033
461494 635669
328288 774873
745026 612930
970037 451913
321810 24895
572716 666714
58068 120733
366477 539142
883666 659029
65686 149040
975020 1591
47507 339436
698737 459799
416776 509049
790130 1485
739854 933425
365390 851354
479372 220189
193128 228318
31541 972605
752503 358039
612877 909060
263279 593523
951792 978721
203320 128911
563291 649106
677712 666331
534987 370042
499433 389450
546538 182902
277347 613776
988286 266880
274660 755819
566527 5609
677971 808121
853242 491196
759672 146065
521327 872714
376738 654512
782761 471458
586720 90202
696651 249887
669426 637258
221741 438533
369243 9278
721715 980317
182537 627623
753883 957429
903841 922913
994674 132107
254437 307559
426545 453549
676880 235349
835976 929911
38835 621324
418090 22802
383269 615947
790724 683851
155944 812644
895976 325043
59986 425281
615188 663939
839315 701260
991726 515569
648597 825002
737691 283502
49760 120127
498542 97816
720677 488876
570305 190645
226582 295956
461541 117909
681329 244586
985054 686576
889374 858997
805623 481003
92102 940382
640166 120309
912262 44834
559945 170900
559083 500311
798078 979215
580131 472957
747291 93954
477162 632332
185462 127334
366673 777209
429032 393937
923581 956491
4102 848213
433754 359393
980357 937784
719911 438867
80639 886655
889646 811989
295202 226067
652363 195584
144441 239519
727573 428661
648741 91304
359188 922879
290862 435658
525863 869680
124099 499992
984073 683285
314232 872113
320381 916917
717732 139109
409286 557068
978291 926246
945796 839971
900800 301941
785727 22803
90735 909409
274137 533837
198873 17581
324509 155268
357123 951361
713289 744919
501476 93775
355370 159012
731764 759600
821305 776672
183323 191316
643453 234796
518900 155686
66153 689321
910937 853984
204954 652493
938179 745010
295972 698332
791384 23936
752019 494111
689046 748897
129057 259333
25182 29866
695912 648974
839078 66682
167487 822916
793045 712285
719276 736092
201060 498910
360218 857521
785502 225136
721556 17243
359771 89492
209472 539844
854320 196889
960865 666733
990213 885568
74707 545728
956399 944009
636295 371732
835866 838479
187737 322543
913672 304830
789374 876315
908702 30076
824498 952722
262618 83069
883981 541149
615268 781494
537668 362811
312688 788926
945054 248011
351001 404808
520571 99242
509944 834733
236870 420948
751759 104415
566944 275339
507202 610597
871400 577593
747473 924054
363856 68614
501886 131531
571463 314635
429652 265444
871125 440066
525566 80223
324796 757868
245971 873107
917924 43519
113807 522358
618108 793643
588882 161678
924933 205136
2606 487427
327303 825955
874748 858735
206063 481438
832095 636748
945041 798538
433821 255268
750054 54466
880687 157216
708405 867381
64285 241583
832358 693995
305950 862864
208244 887686
544896 521342
499073 238047
481804 762150
828293 333620
503251 372571
726016 238360
696508 686192
965268 164529
757803 693070
256774 936081
969604 882159
650107 118324
76867 148503
648664 805516
574380 947246
607651 139251
695485 446960
937651 335566
899774 832542
157311 737606
125026 206054
555272 265940
98268 147020
403205 457588
667395 932672
729836 106945
467495 618997
588765 369309
327321 28649
252143 816252
441466 392240
756299 27475
58190 714109
117666 509884
498263 650119
439573 975
90519 275589
406023 417779
238689 520770
640032 351757
406742 541284
295540 188783
290552 901961
231702 677022
506374 227698
568472 830035
577136 40322
5418 32320
704196 875377
371068 668988
546664 257253
733197 291654
393412 31039
854226 847276
268672 759634
4047 516156
854041 821852
515434 527360
613540 937138
372404 974513
70549 833335
784686 511650
418863 96150
636750 682989
557481 882969
642322 887839
396711 133377
271360 670603
153332 255914
86549 648630
270169 728974
950496 505547
191126 277495
429559 809595
91917 129120
642965 83179
412797 747175
776190 564201
27592 7516
189892 391052
704863 511295
764370 277073
189334 303369
898797 209590
866560 752136
631608 507033
992628 24475
485708 41597
895374 927135
379366 730376
383676 34240
195476 623050
443829 964196
579579 222654
899018 641729
995786 911358
349753 836932
182372 974920
616445 491512
688720 799373
773990 461284
875878 45267
555574 462214
46695 714579
915302 156141
19121 527320
149480 685160
352145 493909
622193 818213
891932 315469
447754 292262
768137 483823
638600 842305
48655 248764
139178 785820
820993 13441
137104 384345
868910 9388
651587 719168
306774 268338
653451 765324
460176 53607
794794 831786
445534 683720
430074 25460
984671 705987
747873 675004
242282 439755
618879 112797
463168 2917
624319 469118
989100 921970
253184 501234
34976 475438
500465 115167
8027 123017
719516 461003
794731 510546
171350 485802
79608 499326
612451 775822
841561 119677
418991 759557
253038 873200
42757 568190
311741 417725
779191 575429
4925 749859
809638 133202
49658 149094
117386 944369
970050 583063
533502 673572
625396 178733
202354 788212
12592 966538
491327 971214
28794 632535
919140 658603
725144 651096
317256 481668
552916 960002
864471 736700
552192 692996
665306 839505
199032 476065
334423 828858
842166 119644
380992 410052
15892 858350
716612 461922
36689 472100
45764 119186
426348 199645
580247 909039
69120 614957
705113 736820
672789 213517
371963 640628
200628 178738
208253 102767
122900 257646
559583 240676
392385 804550
169784 631976
911072 848118
777334 716898
387384 647379
791175 28360
562225 47334
322844 51554
834115 131280
682447 208479
235488 570503
533713 546169
382699 561222
168340 341996
23996 795543
265469 432295
192427 471636
688901 958866
963352 663848
836742 726509
777621 34830
234989 550246
737466 572457
211092 746329
627035 272845
126982 117208
982959 339624
174338 505585
422876 524446
192477 680908
777616 386293
849448 332235
801262 694713
443581 453956
938956 125620
900273 784179
570521 66676
509677 253411
160893 801316
119534 875537
225973 97869
966179 414764
329014 401554
752292 734223
528060 791480
830778 379941
981923 61967
143037 231727
910272 290727
648721 753477
272246 223730
774713 642037
929684 889906
484171 374813
215706 259218
434434 464571
516081 225591
662304 685166
295824 461248
187322 802527
600815 88694
932055 52437
631105 978356
681574 824130
621415 630978
413969 677615
660853 784102
356428 101832
494510 291244
580787 768724
324421 962041
229349 110884
272534 77236
756626 89630
58078 196843
88440 92105
537125 353626
132353 371316
39408 312290
347768 879466
197905 178174
203044 636094
126870 309152
307630 684840
714719 111358
195352 742315
831259 864004
478478 602165
197424 325992
473150 864273
281745 754121
474047 472244
284405 945314
862004 94680
667584 44300
634842 751260
22966 42894
966004 714752
962357 418973
544373 388647
349067 89990
859074 576089
960075 183847
240193 479616
889073 679969
192820 812255
587336 84184
459155 708344
806517 566371
455810 342566
348194 388941
483051 988420
721389 909078
867977 787145
319947 621393
276252 938188
478868 835593
107050 414774
596088 611890
873306 865847
804894 217059
92746 8091
101717 997250
623237 363319
977509 963267
445839 118420
593858 518571
766956 844847
567965 633307
268741 812014
823683 623079
543555 495168
177850 652566
198958 645287
508664 470380
968107 850275
819096 167417
578782 279156
63912 173159
93457 160498
484920 451257
898945 492973
985811 521596
805183 50353
526804 342795
190021 990043
202238 425708
31608 816159
210963 980444
774204 807657
868584 565327
506488 473057
400324 173491
581577 179665
293546 621356
102638 943128
539712 564770
494781 308028
999263 412404
222192 800826
730173 646366
439277 10388
4934 57849
698052 262281
752783 347711
663350 813720
193210 743743
676391 285004
120817 354414
464461 402260
700201 742340
100975 2687
109163 926456
132676 796058
300813 454056
703573 832669
286478 340486
917438 765331
703375 487002
124147 340389
415520 335893
962751 856766
89552 680023
102733 199166
970048 89297
563395 636374
548196 651463
477159 663784
858364 936518
411157 945655
610449 384538
960086 219819
608035 247627
345370 602658
68259 541121
135114 317071
19020 632951
988325 216870
277598 102176
284868 458591
527221 126845
164160 525322
747269 938254
626825 993865
322291 878812
168526 856391
485824 373100
650021 248868
778734 990727
185444 913503
827520 688662
210434 527556
638205 11551
504338 33933
982133 73828
625867 611645
122328 751091
495331 606490
450109 421424
755748 688423
135067 44953
201840 823405
692673 757567
417918 321824
478270 635906
149227 452168
16777 689464
994056 592576
105371 917137
639286 405114
821358 419218
289996 879719
149751 235270
793887 728244
114845 944527
564381 338129
412433 67303
929610 819622
268978 371181
821911 553884
410019 467676
2108 552596
287675 580973
608043 875544
977760 311510
451023 236899
671456 672816
634755 214986
864766 933590
547236 254080
620585 434832
91869 707421
42444 141849
466773 351274
901937 656793
446427 259382
250050 219458
868644 953213
484350 883044
322743 658538
419373 848185
29589 294369
185801 631144
253213 349054
543073 711380
243041 22174
123876 527067
723219 532157
895736 857745
362995 391753
439615 250493
842891 314693
79811 172611
597558 131404
697791 187671
732718 21831
335320 162819
351165 334772
444376 319948
705257 221762
294769 276216
973235 879796
327738 911930
191124 958542
678987 65130
393954 509435
439016 964164
380820 282310
676657 423204
509236 695053
73717 999232
955990 172431
223109 700458
994251 810150
679707 300936
173164 154594
251657 570648
913543 953587
866574 100388
963954 578056
865887 782454
948872 790240
122050 751300
496171 817464
990047 32396
665143 338419
558602 95586
446173 896473
483012 146807
31587 416891
226116 132157
515737 857032
670882 610049
267653 919120
761255 635801
73201 94962
160157 791032
653174 862091
244610 714220
840471 501350
349953 707316
261379 36897
974046 641796
401987 594145
312656 646029
385540 138756
161701 679224
703039 824310
269322 861090
585190 616933
643003 565702
509356 586536
114631 105448
111793 598617
893958 253502
645528 377703
877725 669223
872121 21980
834913 427271
680472 674080
6053 251554
896224 335155
422849 954089
723940 965751
144831 302644
648746 939107
831978 796736
309783 168897
561736 470263
106073 135173
605373 482038
976052 838027
928472 74772
320990 386754
985397 696402
321020 72144
157596 743582
105276 677143
163077 156665
188691 372650
683596 766604
287714 875362
419473 567790
642233 975964
769092 663497
576343 665846
359601 460447
896412 57206
391955 178362
7956 693659
745830 727320
682432 426466
493266 643757
438470 460732
133590 781409
802599 824363
925075 916816
509178 357491
568245 177774
638820 308921
36803 528893
901266 529805
443444 627819
912166 916732
982938 371082
415232 653138
712172 361750
768206 671359
974320 876076
181836 159394
259967 119301
573758 899587
470861 94786
774671 214275
189040 535186
157745 316593
87755 435622
394372 773663
983207 127841
521503 873510
524415 340115
754448 403644
337344 500777
361713 532599
567473 459398
298581 728512
432966 675930
502846 225718
343796 327578
109675 412211
521290 631849
317222 368310
436562 338321
646883 490731
135007 128204
180784 609525
799821 75460
24879 17070
582329 240260
395039 774212
576227 891843
711729 640048
805408 978185
276554 674255
518143 67683
166559 200562
24392 891003
924962 946361
17591 857195
526074 113161
253305 291695
245668 325621
910119 908434
923288 563361
859452 528863
603132 231247
159378 450624
550639 308274
714650 845377
738051 231149
327305 108616
623149 229285
954913 141173
884972 211723
275753 893434
869659 417578
175902 719450
258662 546738
752933 939592
74647 463687
700840 802555
759985 862446
736949 182732
263491 818646
70605 508149
62816 460197
361490 237845
721127 762654
991617 771788
370765 796122
546639 526351
314405 438939
583582 613951
930062 966674
259196 984546
538749 678594
640524 397810
631744 108984
66421 855559
346267 293131
521303 669776
602418 871620
124241 808205
196190 113185
177989 837858
577324 493509
897987 886222
949897 509564
160635 744365
720500 855453
176296 220034
652886 776867
683815 626789
262583 217681
508860 602935
655516 313227
627484 277560
235415 931491
295122 134484
692423 744871
804645 503988
696622 849609
324068 146677
702300 502657
647324 56560
799336 533113
205399 291554
683773 376979
356158 256896
205979 578165
516699 222554
887909 769262
922323 25127
731173 459115
576469 196330
478687 173494
552016 612460
912563 45722
747692 113620
419019 545676
956621 765390
789696 414411
348181 779201
924881 623659
197749 696939
404933 286475
172735 75129
874199 681894
677455 381410
455587 235202
13568 117691
661505 210485
448280 544840
555062 695782
206753 809663
37945 614
218313 470953
324083 378179
246364 856001
293071 48881
40835 34345
749782 941132
197271 689114
155062 395824
562859 123642
566646 930171
409808 753472
451521 865280
102596 872362
37281 351747
234563 617731
131014 298253
794712 85568
39879 927183
641244 248161
820507 776268
335761 161538
815343 490346
848241 748290
796896 177241
266316 651397
948154 405409
145751 622842
383517 881149
316707 47342
281011 962424
403297 699358
872590 900834
698748 880500
313368 958690
244654 323239
478356 962746
904473 673125
845913 252315
927694 729564
710298 809248
304283 718491
31930 123983
330106 736478
943898 152426
803938 289538
65045 337420
885434 307497
754028 874324
278511 287775
287529 976993
538430 938598
912589 843309
42572 62289
401110 504154
153329 579801
137697 470853
780691 525306
381935 104330
838856 523352
695623 984226
195830 518660
877922 318935
622834 358705
338175 276019
270378 156746
625331 594726
585817 825261
389500 950702
832487 58022
967895 211003
694058 170299
294003 944257
602298 21457
677949 242781
271174 630052
684477 183879
700854 215515
485168 20811
351491 400663
461966 644867
837766 226733
287136 229692
446856 633648
76884 153875
121766 227711
665793 618396
245947 130459
149006 644551
826470 511663
574905 815797
849058 171161
290815 121579
270983 990593
223808 501900
964289 415245
892838 315649
332111 961021
292491 677996
360154 260619
904932 460659
18652 406889
962684 626211
270975 728606
622602 26646
959459 334938
961157 643680
935412 417633
385144 565632
522131 939334
713283 828278
638380 71261
87134 887552
278774 878771
269082 260321
866255 833315
457582 526668
776761 526166
584754 74130
720517 457460
499044 111733
333638 444097
466057 696983
677726 214444
231066 308
515141 621732
600852 273035
430578 100519
683368 385712
404331 148091
446183 505976
972293 826003
335437 423548
210872 687528
332169 93231
504086 66114
909373 253791
816193 889903
934045 343744
565292 772984
727204 160290
611144 376523
382191 818852
823919 849477
488561 894209
936352 217487
22268 270629
545486 530371
647795 392546
906802 646753
165683 614283
398085 506720
2087 109078
771152 589347
823783 93806
293040 440743
934511 48884
730342 103828
88051 473955
895548 88759
41560 610385
483902 560661
604726 949795
5701 462918
199261 779340
457946 405972
125598 791973
283320 992549
724637 359338
149402 372822
425933 751307
743960 235508
208631 390821
566062 551443
709886 682367
305143 321736
281606 590637
81088 589232
462946 795822
986823 569845
773342 574687
612224 357414
134063 365530
316419 280923
609533 328076
122156 685771
888229 996506
236487 660187
951648 786831
134214 72414
34111 104538
929564 260602
89748 120574
335284 160962
183360 990415
401440 309992
439845 174943
493316 963957
890479 550664
313515 833048
9975 165357
53307 136083
732487 750988
454498 8350
190625 402069
770643 644556
61829 605662
702249 221705
162558 253228
444334 245877
822918 736720
80692 128348
485698 582185
867424 768737
229881 70178
291753 408103
31122 714757
833523 306527
337534 67898
913057 69881
386383 720335
926886 875364
935908 800349
137844 819782
350433 463150
91423 442046
597530 949522
993018 309655
556642 386121
270605 6275
341926 975979
576788 929410
669683 229012
573806 54307
276902 614848
452166 117026
350623 776565
521659 359522
815840 528235
253436 278702
735004 780844
31874 532119
65906 727407
147953 34962
237418 810493
306016 153242
725446 184496
880266 512470
469880 59300
279347 81864
702604 484669
762992 753378
955075 348566
697905 755117
70461 163074
66061 152305
417740 836075
534961 894804
949081 332679
878849 586204
298602 564360
591877 939390
671463 740037
642974 668439
540798 656723
682024 217620
167507 194585
582853 504897
978468 873608
317053 968200
298274 458067
961021 564237
205914 477921
872717 518288
845792 56183
829375 634184
48447 260373
444991 70086
63608 509059
266602 236326
123809 436279
995534 586486
50719 1197
357003 79895
752427 987678
232107 511712
31182 176858
961479 364215
902081 757270
314890 180240
58674 134950
385472 236585
785335 941921
746970 429321
199229 207571
792338 785207
212040 568958
915325 354459
166475 3142
593162 590423
302784 323302
784871 163826
96046 39042
67870 661592
146954 746443
213286 508473
654104 955447
557638 255862
570063 192388
97391 794668
403408 391786
998913 151000
67917 623469
19158 355563
832955 116090
820533 645359
805657 739553
294233 545260
320065 7734
91521 70807
237569 482579
323994 362823
746757 844631
171260 977077
614376 277566
998634 550358
445529 47852
428358 701598
677668 890301
410607 631428
987142 20918
423455 509820
519670 830615
521862 23974
503879 130536
565931 950868
106325 192121
247471 655939
497631 247484
630927 796030
113914 933169
732478 163313
72982 375116
531256 379455
939136 79053
858508 223278
27605 572389
548667 197192
876985 395475
904274 354508
96989 968232
816023 697754
21708 764072
826729 660758
892606 930140
523235 690272
923621 413946
913356 464909
314831 545926
693045 474978
703708 474164
664799 964424
835956 301367
303941 477124
180930 528857
79730 946525
231465 596899
225105 257356
58826 427484
234600 710639
328694 689792
161829 445167
40979 51249
814118 576702
785517 989882
337679 265303
443610 869298
238732 528880
682610 790353
113631 687939
680529 995894
484379 808620
467589 197455
213693 944757
942150 978761
671238 679337
79361 479484
8670 548126
660112 352779
802951 837882
793406 737267
612923 876003
940413 200554
534784 329889
384685 243773
576731 925707
199453 70385
301772 949269
992665 368995
260772 66743
482028 429900
748654 687363
263810 444700
398356 818802
932143 922304
400562 553658
345220 680301
730211 624306
755812 221131
605673 181231
893187 509243
965458 822611
111076 658038
463454 247303
626354 622388
940176 653856
107620 509259
66406 521912
771627 827624
59433 198155
561146 850044
423727 837863
216866 636440
98517 778304
685994 63236
875067 379955
795267 614244
561943 114664
556113 145598
779184 490122
37032 347683
687196 639670
228047 124163
101959 206986
836550 584414
301547 912743
960446 564225
466045 311334
775807 446154
189246 64599
60997 684353
228931 785366
280302 381476
155697 11483
374950 612728
651928 943767
754874 542653
487282 154538
310031 693660
563023 296444
736152 796311
325272 157514
837222 781421
593146 989261
112363 492906
636303 790149
461770 996603
316371 793469
483616 434544
797556 177452
673371 698945
108833 181963
655323 627970
443206 714148
884285 877014
879933 666469
779218 366429
265451 684027
763515 126889
612436 129078
274113 441830
395739 757995
293308 391804
726062 230540
851984 223853
125789 268955
283623 480272
349582 838905
678596 338738
123455 225134
820656 788909
943065 2664
512035 950596
479449 201604
527920 724776
311509 847595
902765 352564
166266 515673
685380 183219
347700 298522
723190 504715
154512 530730
809467 643352
690719 140466
797737 68031
409076 931034
389011 858441
431561 133914
137354 825502
439360 258351
643201 652149
76520 675059
434466 204534
683156 928364
431697 363175
487424 486249
282666 965267
206048 437090
214543 555618
990911 292683
387158 7068
652326 474289
484783 382898
118222 931676
879135 989626
47302 64783
594269 257893
681846 393801
766179 783619
259994 379980
674714 15145
661696 639136
330024 310119
225548 680073
635618 738381
781830 624203
386497 475354
529951 331748
380447 717311
978580 515654
841971 992843
539302 242288
985234 52382
233713 393684
913031 680515
497514 282584
874681 757806
805074 576596
288103 315266
727454 302464
710862 872492
584841 873751
760841 334779
380622 927648
125317 312330
370568 270222
937433 508772
147319 554727
973035 522668
658524 288277
437121 629133
241512 85808
855503 432902
455624 175963
362639 927524
28144 256826
355750 942533
103495 649427
911116 599976
147000 888858
462348 505615
216106 619846
99200 236896
299890 553852
449867 82832
953955 964794
168326 645221
272565 158740
362900 138771
332278 995598
127647 578197
707868 523987
344681 969635
904821 681617
75600 189419
857354 662828
802458 47656
603125 497569
703427 388929
394984 236020
767716 659748
934528 724305
763055 206482
893074 734516
621197 863956
361601 18530
802960 421984
306743 847013
334016 60844
976143 595908
690825 412783
927114 51822
486196 947310
35925 673325
82485 432930
641093 17302
166910 449554
276255 985984
149846 384796
718748 281541
427673 327089
832282 559952
263590 852005
436083 810856
468283 72221
85909 638525
22027 205713
450377 245259
643036 895851
320106 657008
192292 628381
472961 372285
187525 100965
928697 28953
46333 352618
802259 666438
524508 547576
461560 746693
431399 743489
518611 781815
248195 478541
810010 804677
780884 283874
651461 377589
137021 323827
79604 217256
101745 307619
358775 201667
852119 276084
646199 1415
848082 260557
500641 661306
892968 94905
399857 493297
742739 303017
105985 724274
785243 676072
449057 501494
830992 88643
140655 86572
215962 194409
636702 623203
192543 274222
327299 241191
306727 143057
528952 495104
652089 941064
414970 112733
75809 521668
467667 95460
783435 893646
265344 13365
954529 477299
627890 440862
111095 853348
840679 202826
873352 748581
738134 237882
316804 403455
847325 10139
929714 46269
683560 760157
584919 791402
958819 713079
245489 375033
433057 293413
575139 905501
762771 742459
573659 575880
313857 400386
67423 574500
487102 649448
600426 50629
178368 410567
217104 257648
778191 831339
223612 923881
662377 898509
69006 979760
367425 868539
650900 863922
247951 379001
910553 294782
493219 260155
41598 624459
146139 962199
30948 704915
514089 962785
864638 40817
124465 439392
286350 50086
97386 405617
162964 616428
970263 472826
561762 955801
569571 575170
430131 762487
139980 919596
88631 360548
763163 492727
461565 262446
489050 776691
799111 680028
939918 202183
120048 504597
279255 848810
77914 849425
378146 695071
849297 3847
26640 583961
26759 16092
196107 648142
333948 500228
345636 186860
535191 245072
515563 756627
792940 119531
993889 482686
404664 971624
221590 426757
115820 207530
898036 443484
277961 456250
664482 355229
557023 582004
872639 811504
629618 935341
889475 739939
692215 249401
437127 907812
388338 718257
927483 528942
603586 667883
75116 859915
929859 237985
387338 168896
89427 318325
617119 74304
868852 308747
293228 919657
331525 230313
88805 965129
542786 343857
912979 470537
950179 902836
58888 611165
94942 4586
763310 407645
62788 214000
439354 292385
78654 387474
622052 521404
571578 420877
551991 433271
703430 320169
864063 939013
469175 225493
898635 319109
25020 339801
271203 45547
1593 7932
774699 437301
516540 719712
758412 718984
602165 818636
220521 621751
59122 838455
564116 988481
838722 237901
997641 333156
676630 156759
239371 311064
780530 34556
243915 775487
269336 917749
678025 520496
325936 16673
787134 863851
596046 835657
438363 127947
71675 89405
564241 649851
361758 891567
675108 132328
14521 870702
951942 219186
302659 379579
429107 934095
991410 23863
453805 740817
763988 765146
451437 761934
634291 937768
182256 632898
633689 987771
354095 565553
386822 887096
393925 767998
704634 938322
375702 459406
637970 551176
8696 545214
175948 251122
729616 120702
133459 858477
559825 66585
940574 347302
313855 495028
218649 873729
472498 206875
994624 377060
746210 592868
327296 532844
256967 569471
407300 563240
18312 559345
75051 995965
561740 999335
319435 906114
711890 180018
557721 817981
112191 246790
714718 427890
898660 69761
726149 353616
998902 907473
713815 966510
948452 850259
648134 803539
710248 998295
61085 49196
118539 914679
266439 657506
572883 539066
351036 139947
124050 541230
955174 215507
122373 889280
538711 328957
991511 631033
414466 980935
8091 254074
178827 510029
215271 343698
542390 670585
885100 117022
271372 899627
967934 617428
853645 24686
355413 153117
961080 751851
915621 786554
52504 845723
722558 126405
94322 299922
749841 173574
856311 546819
896631 595745
974865 657575
821620 964688
230457 768357
857073 987697
725113 24203
106986 53918
596285 71143
168032 217578
538266 754757
603754 928543
803141 245599
258594 623577
963526 382608
685142 312181
715716 971028
907094 284350
569283 503825
458970 831388
190478 613946
737313 10798
119977 856048
247831 957350
196472 799068
508957 779622
943985 556043
447070 656745
46038 972270
559513 74123
463769 647006
991987 72279
921988 676352
559780 982876
853572 149903
969318 245852
713184 667850
284882 311961
535475 320355
704622 672430
826012 573908
501943 296505
694543 130890
269805 344366
106989 733440
591803 654284
908313 652415
13539 204164
59401 969819
336902 577090
115301 920188
891492 454143
621595 185345
951734 736374
356175 107815
637841 963571
914711 180755
802173 3862
484592 603690
671093 316199
274063 845747
781372 448274
655120 539350
90448 859278
88485 358899
678563 295032
880593 629235
649825 617310
781659 665488
314984 536863
831964 927339
984427 709031
132543 80766
8018 697285
611971 37407
547183 917301
637680 551509
841918 926709
491076 516244
441167 348228
908869 119422
30704 964232
493360 754352
455916 464447
568742 320497
553553 588588
242169 867409
920411 108681
362260 158817
902054 437478
696094 699381
825439 581994
363571 631198
843474 537854
578273 843432
849319 921258
732781 977715
243275 126663
916372 837796
865626 177595
931140 716914
533559 425428
239125 384993
192795 19683
690884 315261
533551 986721
68202 934425
166995 640867
396099 998615
594591 816515
375259 146192
456925 299470
988888 181837
348497 348010
513556 329522
709964 862873
941164 626832
909499 697825
626775 413637
277789 776834
384520 737373
278520 347143
390504 535091
177598 404698
719896 171273
842008 558491
567906 168901
789733 159598
664813 307546
440847 329435
375634 328388
678866 833248
890512 678167
828305 15853
955141 759867
198268 188415
704311 893376
550827 804096
982478 276238
792360 55911
464766 877622
783358 949108
719682 560121
29823 811985
56779 769709
720727 637943
17712 880062
694167 281715
440704 224586
302204 643825
209575 581005
556133 582853
565242 34591
306121 19972
446548 190416
378178 295322
402158 158578
771385 505678
608812 606044
306410 643831
43245 407868
889416 106946
156866 405614
129607 663629
263338 873299
859958 664235
984427 445793
211894 638654
958821 185867
243211 57503
896208 771795
416627 281219
232666 535882
360935 317034
795850 639458
907203 629518
65861 177046
103579 287982
773192 303226
349551 909618
702478 21197
835868 917903
795738 667200
585014 210891
58113 173537
549877 753244
556460 143704
866289 777178
47662 543982
188678 70658
342118 836472
39124 686786
866128 813726
221795 275533
40723 964027
912253 625237
505360 726392
362866 376815
130344 592505
675281 741343
671883 627903
28214 407560
542805 207413
104591 912705
236894 127699
671053 243501
765851 956775
411115 194656
703185 188081
404460 706781
397167 782656
382971 248137
259099 752087
151240 913171
49228 501988
187880 832114
782610 883162
825810 741165
961129 827550
757473 933396
882225 32269
94383 819002
434169 213596
78378 547506
629894 998450
311146 595616
270556 249673
830701 175318
976036 4435
79198 308841
977864 474220
214948 605598
344252 19152
903089 35450
113800 629386
681942 361951
938888 911010
145077 539835
828143 12969
762758 976887
784827 917873
396331 292727
285405 349859
371482 166883
536532 748400
406878 155684
704131 232535
371636 599057
952277 23329
945255 934668
429392 380848
755080 225166
26805 667611
151651 160273
368069 991995
613863 442128
372241 221068
669388 127985
407913 897019
237332 387084
514886 400041
922291 343655
677160 47926
357996 279037
130201 735992
848207 806651
932723 238102
293574 620201
159303 217199
42373 270187
851514 777744
514225 98664
486704 201144
91054 966367
185629 24153
177862 313154
956345 134350
668577 332548
331989 469053
500209 507039
922399 349457
357237 299671
641023 812556
600901 627088
854233 134001
327217 645693
793931 299242
542906 644888
851348 467339
936449 660269
422110 479362
455370 48184
366223 382816
425800 943920
988804 877119
996523 33132
938015 734528
352038 156499
12849 71501
965539 990717
841772 219042
690583 391110
908186 933037
432933 41568
311203 954499
548029 377256
349900 938875
140463 575023
785089 704486
731997 701289
467577 145368
237088 326585
452814 483072
711622 717172
227778 247233
808060 831762
938081 176696
220615 651892
642496 496562
949440 207746
343710 292938
295963 671372
999991 513187
341314 917100
481610 298838
356696 394853
940806 588762
942207 666593
275419 54574
995467 899485
438608 562290
239638 819030
548850 579134
901044 919302
621178 967068
407668 394363
963779 193906
224640 421426
88294 845027
571410 193025
130427 465159
14274 130097
770253 437538
260263 148272
20719 309542
564281 434646
416519 82869
226040 231756
940485 133944
786976 459795
830699 816605
571871 171262
183976 907381
37814 730380
627773 381931
436148 436632
334320 646831
934747 543818
419224 944027
972264 538426
687464 141982
162067 162370
165577 514138
17520 394891
410682 33104
379918 284264
269226 223665
510901 363875
350890 723902
116931 564180
809382 306084
227653 557491
961792 521014
616935 368403
85673 966089
64410 411384
989657 240820
857641 163600
43652 648321
527901 49066
404135 237722
517594 961716
35435 301519
878256 551340
158326 569819
376626 259879
258970 342014
408646 6451
810656 711482
810627 819568
549002 341923
590739 129184
706654 731743
279283 926254
111650 451487
405566 902669
828984 597722
225883 98758
356014 425890
430840 995970
95844 74503
205189 11781
744541 634597
469229 207246
271213 494601
36423 81279
922367 591224
932339 698210
989579 851154
869695 948828
532547 477888
951456 835274
859099 528078
73377 501827
624569 618174
441377 856777
137397 741140
487272 489412
711530 201154
150159 420688
330478 466316
593471 162026
353410 295514
618134 883704
700122 771996
895363 60999
367950 854432
719471 778374
220577 964307
792795 203717
185266 462245
287161 748567
240842 470565
23254 434145
227178 816532
362792 792058
22887 36998
830984 992556
394616 103120
371041 599012
864232 938997
337703 712821
652352 433954
74522 787380
586660 42674
401855 420713
307322 875217
164317 630745
156572 902958
446376 468493
790973 687520
898956 755453
133720 169983
15192 580836
7892 151644
918396 742303
386963 537160
595673 726491
774599 333071
780457 935853
84604 917443
753537 791566
159407 412778
303515 394943
623491 321291
388202 955767
920972 724253
274465 779456
544437 935939
396772 978999
273075 388321
630913 799837
27948 517242
119098 64067
535595 781463
396812 175027
773758 245780
881740 172839
627186 365879
596806 179612
317466 793015
936992 253330
299316 804269
307281 191123
780141 138393
710136 465849
847862 579349
351340 732571
728076 808379
768523 526635
189293 623348
536875 467728
183436 134035
176818 429097
561423 515876
972362 428557
248603 638168
639524 468919
125641 876419
927237 26308
177105 156986
956019 822146
182765 888754
787977 383542
858217 533262
115707 414015
22255 253674
257514 780655
220291 50286
822518 415785
711031 416957
969878 281254
870196 616273
919510 246751
563728 54120
31777 800763
705275 463943
821159 422738
302907 516823
706509 539056
318308 865194
7518 484839
133140 782298
681617 678593
434679 201974
488364 381157
437608 935842
2366 68218
217296 198974
241551 813052
620263 175405
766155 757840
30486 564403
615823 36173
986206 335419
402075 373965
310843 274364
286897 389331
823466 15119
66069 954409
315761 671025
269730 793159
260616 693697
945761 627350
591826 462884
628892 634869
222815 224941
868391 163712
628178 279275
525090 111369
717332 840819
340040 810717
982029 788381
543669 764105
671443 158662
360432 15731
213317 40652
840988 80786
602069 182999
998537 223361
542234 685923
316986 942618
249853 274864
363293 142752
902817 155313
811672 835125
73435 826239
344934 634954
661554 312018
407869 16169
27785 503217
540202 757131
776379 186568
432671 316234
686753 411607
90846 279322
114779 744685
230513 332181
512477 295446
806678 638083
821289 424972
489627 824430
823732 922852
668385 680734
241595 523900
335210 485023
545313 817318
911630 660663
668578 781035
589852 137694
681543 263729
283724 960824
946930 800087
645576 376460
407601 445926
338810 264403
894960 564464
772769 1563
67623 25231
652326 127520
254955 705100
820359 835779
740922 658307
583163 472797
994571 349041
230186 348175
556969 452086
688370 509170
463682 763792
234271 568296
461727 834013
817336 865429
428240 473683
531625 870741
92052 356558
206551 98132
129204 272303
983006 577348
5066 268105
206924 733950
678458 743391
241608 24367
185082 97394
643001 853215
624228 787024
142064 686483
798774 91803
344272 9196
990124 717175
60495 155132
477280 604616
432326 725295
605751 754570
728500 638833
563658 288086
915747 790269
821408 677293
451305 286675
879309 507884
753154 100870
253496 880137
160024 540617
152489 408940
390338 897158
441509 694081
109732 677793
699088 462730
65737 906221
325829 629771
646522 768820
14655 718653
697784 101476
249739 475992
655548 128738
568544 151032
980548 774072
36511 978140
858505 111733
567977 851353
194838 739957
622924 563052
499922 649381
120268 967696
409127 63285
359695 136507
221078 4083
155194 119100
534175 152024
138450 974921
519304 267868
848310 358710
201182 387766
659852 327823
167003 883103
805872 566492
703071 222363
722317 653950
467034 314703
257978 822656
987619 383158
352523 202724
371847 851694
330167 965242
102036 491858
288300 685199
895000 403206
638859 795558
128000 732921
382581 622307
840101 987113
13123 656077
508274 939661
77491 732779
361764 253702
527969 704099
796125 75559
218979 177770
238197 904012
423742 750482
753037 746088
657162 168341
768315 479166
601562 599460
293725 244181
168277 624473
516859 727941
99620 725148
902147 183426
600312 824328
128427 277515
419123 249036
781317 964249
148362 337926
660894 875679
789452 847542
170130 131867
626912 491012
603409 370866
278964 808039
102332 500791
620620 332294
523670 270449
172412 358408
996216 271961
827569 593831
305641 277681
590559 551449
798603 211635
122115 987946
401865 282227
949962 513007
667569 281839
547117 288980
346280 916750
497513 681322
194318 182863
164868 131710
386937 347987
73965 883268
279224 998531
349813 625234
214299 826640
19049 139847
403682 27993
3211 637263
315204 844833
355064 666370
95763 373220
765186 676888
387631 318154
281638 587503
820333 368705
113924 897152
955127 343885
27682 928487
274283 753793
425969 993371
666459 470439
635342 573579
419012 282564
159500 314133
708467 347247
562533 896110
923542 992033
153614 734135
321549 841816
704195 652845
485535 173754
169543 80995
848296 219622
93688 205699
964604 75903
986450 94726
508457 344054
820815 879406
106184 136144
147545 868522
109140 594114
310938 694418
153602 482933
