5000
509739 609604
862295 760521
797389 17518
152612 591220
648119 518714
409683 381499
994464 771557
697351 988062
462336 772606
8748 388268
607283 137994
777518 915730
976470 716140
905038 512995
792596 590932
911211 380281
744566 122551
987671 311934
968929 943284
422431 345321
958162 208024
822462 29715
162254 893148
185229 950343
83779 584775
888153 454592
498386 474757
342799 675411
269604 653448
719239 332237
709262 17721
647545 853532
627504 760471
775656 166966
964322 771703
501673 867161
730060 255702
452355 656700
342015 896159
831874 983667
796996 786829
309211 236772
811941 68030
509334 986112
70942 666634
595546 625758
424292 89698
790793 227891
626611 464676
313531 89263
817704 244423
420551 739112
119138 453177
638685 767912
57276 897074
636916 223027
260105 775136
428606 400894
251867 145655
187839 732214
195314 195126
393117 511785
262045 132583
699121 492713
112220 308477
468050 331417
345589 655065
857506 896883
691 35694
230520 14395
697963 873848
635576 457585
483778 506115
182556 96073
362837 385742
915053 736554
331542 496245
365941 724811
422931 198399
975024 247041
95501 552693
246557 653431
349902 421680
718030 203245
178202 352868
266982 28794
649626 361053
27717 149323
191508 748965
286620 855343
983405 732306
685231 166590
868820 583754
634069 961879
111673 12841
97628 442665
433207 254070
137137 161318
401029 112486
134831 288448
928315 684708
599965 12179
53784 750203
580480 590555
589199 293184
590728 175932
776181 894125
561541 446721
240579 854341
285256 338787
3375 907618
367206 621478
755005 656720
227696 609764
693330 235404
200016 696416
493738 336332
959735 177048
402196 602241
963314 311353
926874 338006
208264 122272
179982 304108
668512 695260
561434 279373
590516 594696
115690 433861
36285 283131
906058 401353
563414 240509
703147 472443
604921 946244
225639 132186
879648 433290
648509 410410
883643 491019
195625 884439
170414 612570
462626 491895
397360 670070
297257 301517
711156 661751
297683 81532
60346 39326
816117 835567
626211 498336
403529 139792
631674 75990
97417 40608
683232 31241
200501 37645
496328 638142
306738 388332
918791 724599
900609 360222
957667 5623
247120 991621
224527 871816
890427 610886
88718 507310
939090 462564
807024 623112
61733 730104
999721 723641
161679 314459
263208 822761
723934 988263
474761 129536
119285 847915
691954 525337
397059 373001
901794 695203
343812 891392
309496 200986
755502 501788
158387 495627
889581 112169
833805 986451
173724 201024
573056 525345
306416 632122
245010 915192
730835 164729
734024 887558
340240 676122
944863 973018
666204 86191
685483 488431
481431 857452
99999 779941
314804 244231
363012 969260
285724 45006
2000 397677
500366 430684
24064 273380
113150 892863
39001 364526
314657 97918
10439 693179
126188 585789
661855 624645
435428 365103
963341 842094
973544 235648
977383 101293
772399 861558
883003 366227
275361 850979
266124 242905
989790 853839
682557 504849
490068 112927
803945 403998
721378 391782
255088 757623
179354 104860
363248 455871
911652 382087
672801 672999
936806 849680
101585 442425
461522 847675
469840 235001
451188 870490
26480 679359
926691 979039
530202 545180
709795 149374
71656 7436
352011 395829
753580 582658
611624 461420
307288 748214
182236 927137
378419 39075
17151 414845
921439 506999
238274 41235
940702 716430
313365 487054
520619 451226
640548 572657
128839 873452
656942 683877
66207 357608
74438 428179
237144 589415
950357 223390
2761 385070
137599 811666
49923 605853
199336 242659
730177 679016
202516 439653
499575 234015
218870 207615
290955 144251
731447 300583
232588 664821
922479 784047
517486 934126
782849 585884
4148 78902
754314 911565
924730 869980
359841 338741
758531 241862
461097 361806
71211 345845
993266 573084
71005 64683
405857 10866
896932 930962
451909 772672
687740 271869
678394 872165
101925 200383
695651 105810
434949 347664
199524 733720
841635 802628
251338 8810
519467 257552
69214 489144
93374 221503
969903 3680
815399 387688
333970 349853
798629 327852
98972 785905
751517 875433
154189 205524
878222 751110
935424 520268
311193 833473
509354 151411
195319 218876
866058 484450
942710 603978
172391 206654
293626 492329
606637 47109
919456 971295
942757 920406
334114 169164
551324 595012
808187 561013
709511 49814
577397 62224
111296 601165
599396 357013
22561 632855
740580 444003
638828 694262
803882 496075
155423 987321
773972 651509
677060 873670
339754 511506
19712 117777
505938 139804
871701 884918
558843 554479
178054 243116
129356 174401
977890 945921
664471 363732
444411 585214
315414 402495
230484 346154
969125 427344
34693 42724
610963 680032
545763 157173
776285 465415
887867 813047
183332 828477
107103 944849
417170 387633
729138 661977
899935 338579
486614 833566
285568 307718
598795 28986
718121 344788
345701 789178
727325 43003
795071 706928
163143 392831
581594 533986
611705 788152
129553 190139
400967 305354
838517 393913
407364 425724
809885 944731
662791 444930
937737 359685
141872 892316
206603 320901
130896 501117
329186 10349
498661 783488
801343 326646
139814 496624
513344 246431
721296 493569
410386 677580
3116 775260
622002 856777
760109 783676
778381 769492
635166 970965
594700 386587
758644 147186
282603 675820
278072 646549
414980 333088
257467 529255
612005 353551
738817 542369
685041 639321
403422 670516
629963 442682
240522 638944
722324 285750
665729 156085
195859 223182
392334 475955
760161 600537
373504 656582
579445 460871
231849 442529
436561 67038
150576 919551
448552 660634
39562 386270
854452 750353
812631 840353
907042 731342
157116 356546
753317 24337
539383 639633
978390 443754
315555 132086
713466 728627
519093 833461
92250 245537
43496 884595
278744 975936
117253 165261
841552 370762
539441 73947
639854 643761
90339 914947
765463 49852
305442 353672
957736 306416
787304 405800
296422 946650
883198 156641
707106 29746
750056 264602
367788 763943
80815 432861
146247 96815
794066 87376
113047 201881
851239 453193
131829 610180
980952 560791
798666 491972
427490 655102
783810 555071
958575 730390
173118 927434
518545 885673
686189 850326
643938 106198
166660 383042
22868 974913
787669 472054
405546 623486
519818 747231
693731 142378
566151 292830
576962 44754
274406 109529
448047 200374
225054 534450
943039 637580
944402 785020
707745 199446
504354 356847
587144 486360
265622 725716
890568 283186
369852 441122
790660 235294
997214 430072
178775 694006
4423 605004
450448 794319
423466 718504
73392 750835
27982 43703
624083 822666
807031 633287
965578 558424
770361 882961
466380 869987
220503 123252
87488 268486
523963 856556
396801 468357
545491 290663
900201 654277
588566 261342
202692 103984
39855 431952
716863 41799
944063 551403
432365 511370
866953 371235
384248 502640
158179 847275
922121 720518
135403 14314
459362 805285
266754 746620
134509 471979
812382 619911
249960 872613
385274 416447
906071 421003
386008 808720
349084 777691
718454 991757
180636 12718
638156 452235
524107 367016
892269 795624
42344 22362
101584 171780
60232 565989
8196 184206
408492 739274
864015 873379
354173 147391
803102 135686
674632 151124
561385 784604
848408 223017
792309 935148
50519 364959
651916 611022
698504 457100
952531 915286
743113 655007
845424 427149
599197 869122
332285 18440
383174 594649
381424 855526
889255 554729
521605 35508
779271 994065
861180 724893
696093 89130
481481 749000
669968 256160
384817 547470
784307 652434
824242 93168
88425 304105
288591 379943
183605 479179
850533 493483
416357 400123
245062 206120
410115 689662
74020 884759
26573 452488
548014 84186
738606 979647
289025 228904
202148 577120
75854 281533
844121 856614
519876 480749
53873 692190
20110 715314
848044 339161
493411 634690
771834 202910
20435 41032
753944 964194
984336 487191
186318 455497
139043 734945
413087 330541
118209 192450
528421 572256
215145 324481
309247 444312
863687 67535
945999 419612
616173 234832
432028 574626
7015 985893
648974 897643
64664 673725
212825 519543
401536 972230
269177 541241
877492 296421
473726 462163
236612 281799
327889 183573
50292 108128
553940 33496
584282 115206
61169 48056
115801 606361
834566 275790
260198 3704
187408 616536
74609 208712
577600 781504
977652 42833
439545 359026
248580 208392
811895 36058
763522 519898
809823 138750
968644 402341
26025 305084
279790 433194
433836 767572
101157 736345
508946 679757
434630 972691
455689 144761
402047 210839
266864 512039
738580 428670
184551 836311
714800 273964
2014 288574
95088 377955
833896 533411
445330 149289
745127 352882
150468 347266
946053 384903
642514 25861
625176 498380
783961 439027
824341 681805
891118 995666
60523 440968
25261 648865
476648 545158
911853 437239
40901 906895
782921 339719
352655 47417
416086 283419
669810 366063
592652 908926
221373 568516
467190 176308
974868 828954
120926 206136
173610 615369
79456 605305
96529 321244
140382 112082
235079 748567
810781 808234
358879 829614
197535 121351
124288 788453
934585 268574
232430 711133
259834 572773
937359 347427
119161 227846
215749 33550
702282 428978
791593 394214
809853 214505
821997 65059
155096 375191
943103 108593
39302 508836
734917 562185
186364 651643
134098 387156
575011 908606
293555 812765
42424 563433
773032 556047
499397 815876
403364 527007
260543 870003
561027 376289
668004 209739
291161 212452
715206 507982
302707 196921
364880 229930
899669 533514
398012 198064
352843 603726
617461 726856
716030 837027
264350 998631
501774 294480
350379 341513
378584 426412
593776 423040
627636 89073
737873 959313
507456 320116
919391 464827
485731 839083
141399 584548
162298 270920
675914 51519
995110 203805
165588 585407
725932 960363
868651 803891
216245 732210
352206 208551
21167 264767
388031 596905
451283 730055
914636 87349
580708 489100
119491 457553
693884 526897
205955 10078
733401 480266
948580 628438
281155 182755
916971 565551
828939 360584
374207 327393
602931 65715
280349 873915
352776 452474
25187 142834
642603 423150
245600 113612
638244 618209
768735 419359
708406 587335
638341 530612
98516 153343
25048 698232
669396 829245
462248 157015
248076 361391
793966 998195
210386 358656
957762 411241
942922 951386
160496 747504
838661 927292
997131 694290
450310 565567
489432 877885
599939 519740
985504 22549
938375 833264
793663 2263
901742 830470
354191 927508
30838 354011
373909 162130
480272 358732
81493 449549
154726 154189
376336 215599
276790 176754
229484 458589
945938 969727
354075 571121
904896 375168
100484 45885
123084 780100
717518 622627
500003 331750
284348 80715
643835 878722
19549 479586
571482 75772
975983 293535
461700 131162
210117 643329
562284 286106
571355 414726
868352 880986
266823 416387
932786 565134
216895 554225
988672 534619
157526 101641
710716 176372
534418 619862
69085 877022
5686 68003
604080 61454
904760 375171
793218 432640
965002 204071
149292 518595
521323 888372
218036 53989
964649 350411
499695 43755
980274 950595
961736 249706
741065 480285
520994 889756
289381 238540
75360 269304
425362 365664
142242 165789
63828 986765
633410 370405
139148 721549
968919 475987
184645 835551
451791 674325
750669 630750
916973 817081
74251 373823
216350 315353
761066 420515
803081 731719
851314 97455
719329 703649
99200 717953
67861 879843
377108 517988
776344 651996
652073 34488
299393 415644
130575 630034
761785 139115
34344 599810
681908 81703
833971 315839
401526 517522
284235 113104
661753 187477
777455 190632
256627 19681
149393 999668
754371 951629
967089 798802
796969 733966
319386 940811
99473 825671
992912 73049
264686 497597
201771 913939
193372 518249
553108 890357
769702 436870
194709 717336
974612 967301
523484 498343
567506 747210
458198 232504
242899 322620
671905 278787
265528 437853
312128 832057
66946 721383
403462 518548
103131 508340
55130 929413
575861 252629
564366 191419
728105 791160
684719 961713
850051 527994
947243 191960
331823 291981
467533 820878
624519 677883
138197 956978
255113 443485
770781 630383
608615 765576
420876 734365
990343 489646
818962 486955
2758 326501
123648 532222
187185 520697
559324 217820
395059 806305
264472 946559
583997 725335
80430 98314
585 403585
947192 364447
408057 927631
52189 804029
495915 598619
746843 861586
883049 668466
427532 771997
133531 108219
984398 952700
953799 282072
625508 247707
616815 18765
641080 953031
387788 823268
368239 976455
213865 966941
299287 54703
961422 403086
343599 135547
769754 326824
19388 885357
228319 428675
785050 811019
429151 806986
377046 445674
982008 747842
182590 672749
961725 394397
881294 147422
407321 758673
583477 747285
310851 315456
759803 99051
50676 174691
274178 990566
385637 415266
753457 349191
103642 220746
528959 186590
483640 325640
120009 895447
324299 375296
121143 741977
50764 382181
542825 574802
607246 921214
18659 806124
883683 472689
258402 808112
883530 384096
39175 962918
827024 545961
904481 585763
932941 382390
237696 456112
635358 251378
386690 72187
447060 622349
751016 504451
116975 172281
512803 793988
69212 35486
132610 408920
777434 231696
510144 264964
517515 356997
191999 651197
128290 36464
69684 674032
523300 829024
644293 49374
376592 657194
836068 545316
95209 117287
12599 689837
248646 257088
366582 201458
513721 99878
60379 780098
679142 381838
603699 574617
757265 465800
710956 949013
208546 918512
212009 246083
66443 263706
439835 23260
799200 423843
46950 346043
169071 67659
540721 321672
428457 641561
84786 368769
591094 806288
232113 650647
247805 858178
918794 297150
22401 721726
840854 796197
706723 899313
44222 121806
209032 418072
173145 629921
57104 813842
534126 937570
227156 912728
595586 928709
360496 68735
877764 726962
650017 220239
144395 151861
656986 956166
683385 822754
290052 918498
910064 848605
925975 946978
967124 414722
274518 95842
100738 105782
738293 951824
393974 858804
887504 338303
902208 650959
179423 805326
783554 361887
125580 977734
618112 310150
730651 127036
10324 223445
620400 817121
721785 563036
776443 654447
406755 74392
828447 659101
870777 719852
872529 801910
339994 5115
396795 145649
913409 593503
861987 436057
568507 818968
272578 402594
445479 332923
273830 728194
933595 978375
840388 611146
297846 155313
543108 283949
172653 111264
359342 53832
427795 775045
803335 609873
135395 532118
782003 801028
488019 667011
395915 168107
925922 423188
892204 259235
899298 764064
481422 402302
418807 485920
140818 969654
550690 790554
445456 115093
854040 814956
325982 934096
325184 534989
162128 765394
862945 138993
192866 122842
105484 425645
731160 666877
774768 487196
708449 624325
279718 595966
350664 455708
48992 573189
210778 331823
52944 670342
475499 55768
288699 874503
940918 934505
909750 793936
600397 152190
714407 682349
9690 764831
347725 778645
319035 991837
761999 996180
432137 790390
264913 267322
678433 269640
735027 197877
556774 199982
482927 766595
313362 162459
20175 564008
389657 471374
462308 989423
63006 386415
451839 172589
926659 417232
98640 897577
310005 343897
188727 634294
917197 586276
6665 775639
625727 857096
506029 145649
683842 811967
270939 403704
812676 246841
652019 956146
799628 338162
947382 878553
413716 727128
50836 293304
145960 421706
949473 418282
707714 2691
428089 30810
945488 872404
919502 755922
741053 114049
824970 600151
710911 156603
8477 728956
34023 852011
785331 365158
171107 984969
404617 136055
23250 568044
546444 394982
53457 506666
58308 547588
956777 555963
991036 842760
729756 564208
564567 240795
489681 16261
612002 395720
497831 440894
158346 870335
11769 586450
785745 582157
863164 240944
269839 233089
554364 784962
521777 674827
457501 162223
941558 589322
130953 691077
517838 956205
93762 433906
843182 89756
914818 385829
708710 635394
207333 508502
357403 792699
754251 716158
920582 737018
147810 1382
505926 750106
762814 422757
495933 908303
966719 126276
341815 738564
99952 524454
276299 779872
921450 404580
164269 977973
75550 160191
845145 155881
673639 986956
797727 470945
956684 509424
951856 973017
131371 919510
480107 922015
710152 840053
362857 199509
434176 413056
170729 948934
341196 360996
860453 612488
820883 567175
391350 782577
331594 52434
724092 213787
957088 723674
504641 302535
545581 903159
49269 885423
867533 462697
201596 918447
546022 191738
421037 131194
723863 102705
911358 948479
81626 760743
657762 295709
20631 523988
914399 656453
823965 381326
477678 759970
462070 513379
960611 89819
390172 165987
991549 283971
714476 474170
736286 324327
113984 110194
820822 394538
243467 433282
586944 411100
97522 74621
460091 579207
887794 726357
704051 311581
442998 560964
973467 228429
711384 981803
801339 46347
648568 141637
696031 52327
50911 600679
109611 333883
900497 802277
678953 928537
644830 831209
917324 760703
249371 962581
327533 740830
310692 233992
791113 438171
145578 877089
348935 893239
658471 734333
438790 663854
378663 569912
337952 812281
359754 747234
695829 25336
423288 151702
632475 322394
376005 95513
788782 519236
695308 261289
433693 763188
11700 817173
53123 825880
314560 393344
217610 481498
455544 582529
679419 851642
642770 126109
785503 139222
233906 320702
402969 612012
766712 859685
357662 287492
559468 997773
181427 41109
492241 396401
352325 280564
172463 812494
102229 511435
393546 301993
508724 909668
623250 759213
570338 336868
133881 409240
565164 985430
767246 828218
3719 401079
20389 314255
760246 767453
593430 83136
44826 633116
557596 552593
670908 53119
374997 441958
356974 183173
707497 529085
753975 959284
741832 74550
702307 903922
838529 185814
558756 188873
437270 947311
79076 241854
805884 531777
719416 397570
669316 550714
548959 375271
160434 21908
772125 764546
237891 338762
722725 258198
563230 152860
34387 515218
634938 815482
80936 267189
848903 907695
166099 964862
371327 604315
790150 333920
247324 782361
921756 961398
534290 497189
994827 445328
591977 907959
942156 590785
942722 107042
440916 136509
761794 934142
327828 475415
768289 686608
709894 189734
352359 877571
619304 147398
595019 155071
232156 460167
831062 522417
823801 120319
136327 529069
626688 3526
41745 252287
548842 18301
913071 940691
803321 208045
293931 90580
408314 908070
52774 926234
660868 47509
281629 745211
285182 333166
581298 159127
661808 208476
155248 721679
591048 138542
852738 721909
517988 807909
473961 958554
498858 560455
396993 801730
448583 626134
496191 940230
835028 67651
628583 234498
998282 246870
196336 86330
107561 282471
587261 271404
670204 137763
40422 457733
638727 576649
317453 906884
299684 449803
289550 880133
905720 864852
773941 650517
820173 457520
996844 511113
790695 49595
159955 214250
131299 108697
337457 735919
365386 368254
835140 811418
920813 663392
555836 913818
948252 381291
910495 247739
563127 579593
682103 293927
846466 942090
814125 322792
893884 373339
356617 752081
323325 626369
530348 917758
178056 105611
610041 525390
23151 671422
747157 576573
610088 976352
224524 532408
581372 139065
406163 141617
88705 405824
907344 707817
861910 465694
547924 261158
571711 473885
668069 789842
571545 183629
651681 903813
768818 412367
753602 784924
206445 152978
580072 884255
731771 291424
721161 700475
909276 474529
2145 429281
19268 46302
960584 969424
700751 453419
282951 953078
497398 211169
494340 329157
473052 983304
567140 291646
530187 967481
574584 91628
438258 588956
809443 273720
495501 815659
624456 298276
17576 564635
401081 296110
932035 963017
197337 709306
117123 427701
775606 689451
621852 799890
316572 719731
742460 348673
460765 245108
193608 550005
676574 803192
394860 861560
878578 897884
664454 792778
436157 903585
140758 847541
136973 172953
545950 2369
105681 943191
846103 132506
220379 43695
51443 233874
177538 303705
383903 495791
380079 573213
9324 491194
490094 451040
136922 901121
550106 15818
69835 149631
64100 133542
104927 223683
486688 501653
208220 573260
481563 798892
996713 728810
452888 235968
595410 822218
85817 768357
22284 468407
462606 751011
660611 402007
781370 512285
958527 359456
478486 69686
865131 91699
60351 327620
14012 365791
548442 269565
110930 294284
171229 705634
771237 978637
227914 933505
679931 367655
424118 608507
220076 501048
901327 865098
359085 211582
121420 719188
60310 616903
684136 343500
283564 139085
51678 360683
285844 930753
339689 952372
817289 116822
608763 504320
74332 742769
901291 636729
530213 321106
197401 793937
212220 269907
725363 771577
355172 580226
82484 882797
585981 893222
113968 409899
854701 295070
309728 251005
100708 732604
707819 591232
369868 373067
145937 847043
185319 673066
227155 378545
947115 194383
650407 396080
973946 825072
937194 951518
575745 626570
409716 711399
443432 641611
27254 729175
778242 627524
63583 862199
831825 746617
989098 900598
595502 713562
786366 343598
519758 88716
241001 623672
566001 969073
720782 687501
111117 26126
620458 583566
238707 555190
708478 149448
563953 945905
645488 93318
844505 634511
121693 856177
559529 750618
38450 525548
469911 65913
981879 383148
105491 700480
116094 187112
369188 286406
465608 898072
574503 686699
503514 463808
608964 26028
623690 728790
68721 83471
343043 776866
820278 633949
1043 59799
604365 668567
601137 787908
463168 771261
10132 342104
403378 131981
5427 10208
792178 724360
513389 921262
515730 782634
913368 304745
276261 920811
426667 970805
544254 155243
916928 659498
972401 989849
413005 174142
924030 633527
854296 993524
380922 339713
173699 631453
775652 555451
63974 43147
689254 370354
546613 824782
966801 771872
251059 110420
55048 958259
634672 484487
486807 182556
470930 660536
140298 22101
779628 254915
393684 120747
200856 849625
327947 546555
906150 790887
378304 465218
882630 526177
648388 471479
933417 255620
626957 113552
688582 710795
193776 359178
924516 893587
874756 240568
671912 471435
850495 941612
141175 530482
286923 902254
27044 600576
594121 327598
745511 231011
927101 625472
725816 846569
313001 462325
633990 227038
616830 366770
844327 778781
765080 25222
986577 293907
942252 104939
763790 954043
861998 918938
240201 18414
707626 874288
79616 771347
868737 181644
909795 415293
826863 291907
999132 510304
876739 164620
655397 78325
74331 823760
362393 848302
755546 267786
243629 963749
911071 921095
800209 441044
460204 703814
602466 369781
431372 160625
818742 58954
130305 466267
834440 925106
73365 209366
916820 906223
59491 669959
257764 622887
232829 557687
104319 844328
885908 203808
448954 460886
646493 159743
582375 899308
259899 139287
617853 763489
651738 17241
831199 920418
108505 496536
263658 987112
798402 68387
753398 620020
23460 565167
871929 771745
856692 139232
681123 578740
163768 241053
571503 985277
910308 162223
609830 736102
423686 286847
347237 134048
75399 240526
982548 807360
883913 841318
809311 563498
769709 806953
612976 111939
126406 245986
978340 87143
836586 745427
774826 771316
264928 362019
712487 28498
788992 246871
363886 670441
960598 120144
892587 621914
3133 436376
628098 873487
379298 208142
121987 438997
473706 449262
140509 547070
166339 807159
278800 499792
921244 768875
259576 459027
864375 260629
139373 178732
308498 465229
659521 706015
374791 269189
761411 719599
332117 635581
890184 967327
551369 549293
772473 179218
479633 702557
668766 993370
766893 287723
424233 981955
609245 576563
493258 958872
44820 148967
280238 282354
955744 869322
931986 965130
107667 454686
581284 684386
236914 42491
778063 407152
683286 789095
680030 8875
991944 551026
514487 342158
426262 572438
751506 196833
328083 207645
876037 670817
712299 327363
72334 914717
626353 491239
641945 803410
947630 162068
298130 640697
244875 554765
124152 590394
149176 186363
958360 778429
453260 164102
547030 649665
910768 58858
675016 618410
319597 906623
818913 375025
406921 917435
27440 125704
894377 571972
42942 874519
215589 162499
139252 562806
361214 105944
385043 692642
57891 739889
909787 145645
310233 541959
373091 493827
53897 422211
820959 430875
529176 15559
814762 539109
404581 695060
408085 252510
501812 717866
415313 95306
879224 690212
406841 957372
948099 139348
306296 544069
134193 484531
304501 781688
618779 892737
506600 940139
401618 170725
267817 107734
130220 358986
227909 833967
696071 77813
788284 865379
483938 17766
400338 994508
301871 281945
907889 808144
26530 682098
556496 946945
972097 486874
263882 259539
738172 973501
213152 710441
411463 188878
282184 289927
429160 816204
425211 597671
362043 399464
653161 743108
22529 476429
474631 960820
165059 659221
933217 856296
557859 767287
315062 626020
139972 374239
423350 22166
28215 456853
758178 457493
824790 730023
327025 849120
305890 551926
286678 490995
578545 495274
924459 891648
530173 254458
470134 752874
402029 373134
474195 252034
320045 455444
529936 351071
920203 32037
39057 702445
975783 48523
494060 179369
467120 523391
712943 196236
630741 577561
774828 340357
862734 419836
93988 883921
523036 336251
44882 279740
919897 285834
727047 234447
204316 58420
158624 123318
636806 509199
52801 699510
287964 368511
87945 292586
291940 251825
66430 530425
610654 387768
296948 552016
350881 871897
388935 398232
453223 221007
642345 396207
984148 516757
16203 855993
206290 194248
833884 337687
48593 242252
882981 157651
612676 344851
290570 961346
549295 187410
60345 90904
539600 36683
925058 645101
734177 309170
823014 460150
808984 826088
547019 591181
661702 896411
102401 733220
819555 737857
192152 151990
801315 765735
903268 411543
809137 742386
84316 240317
229432 296528
91931 980789
61100 120967
190151 520694
273213 518318
772534 513420
29399 974629
364281 457846
200017 760404
160192 774380
615195 842565
338167 991972
85877 298456
80974 356399
711137 678614
774288 93683
128346 289201
334379 408428
180474 869016
304368 777504
559815 110693
621318 418843
623655 672841
378612 810522
488774 785227
829003 509350
129627 767356
533374 34784
543822 284259
298134 645001
429339 223923
159013 581471
75066 849917
477985 105179
573739 504478
847884 432615
489784 706700
854728 987624
522368 826878
875346 474173
833195 961451
592649 651851
686114 609493
973645 221032
993945 183985
941290 966825
276855 842008
528954 702789
684309 55464
564193 873205
858780 148490
957748 28364
955233 873495
726364 899436
869228 277493
190964 821285
734930 240612
911505 771169
108957 13946
31511 227750
445851 359338
371607 624805
58117 490336
848109 669577
477950 801348
414095 214663
150278 310705
591788 507147
279753 566443
810558 87426
264240 251246
564868 766867
62689 200534
968310 743285
110159 555382
819262 172301
439322 559498
326876 596599
427319 928083
788731 261390
759202 484713
967678 971967
247500 392803
251802 11921
853057 254157
957235 767228
370287 96459
63890 786459
694051 232890
808942 340080
780681 213409
813130 753459
522184 840795
83535 925252
238851 27285
275322 261596
392947 645678
295301 775844
253972 197651
835842 672992
910390 434819
958872 666021
887713 852000
109209 735205
174397 669171
247748 555803
711646 802942
355504 919860
875861 564771
596913 89475
366322 438016
764535 328794
896839 464854
837817 475069
822976 376127
956822 362986
741998 965124
938011 579245
472138 965661
78594 800443
515676 261518
906322 432038
798761 230659
939392 780754
785133 438583
310677 745504
214592 629183
463581 499599
83554 745865
640629 651832
270537 47986
172801 803033
443530 850170
68349 591135
141494 944031
299185 745014
662656 760155
614322 767640
355203 634247
187037 714162
475809 118383
306333 403433
449161 475008
134195 60566
175335 999118
433123 933107
973329 778280
575659 978128
429151 580304
45484 239185
767 882981
398586 546506
503448 608476
925164 683859
355038 231277
338318 543573
861670 459792
983571 93427
442654 903259
303461 610000
14375 852296
133405 508431
249204 87658
572242 133938
841156 934209
483839 44757
598349 539665
593551 312208
271301 607727
816122 902946
385844 211946
708007 942771
135655 305179
861497 139332
190004 96465
604359 19536
427511 301633
830598 561537
479569 102795
938572 283656
297229 748200
653815 667237
854087 765353
820576 15473
550442 127441
875116 417900
100677 798453
896667 128741
87344 541365
941826 517464
232642 145494
190473 425324
821314 251813
981919 157303
653475 742923
34448 183920
841426 871017
443964 562637
309823 185088
867558 132009
422457 194941
82808 675580
239810 259786
314937 64554
777781 478474
525274 729659
261304 394519
778656 3554
226029 848162
552535 266303
478310 327956
927736 574410
900025 375529
751542 248820
382522 423086
703714 283672
651179 259636
754260 653524
867105 981874
193811 456933
755557 813023
987296 285115
402147 31563
541520 589320
306930 729267
70095 566385
391006 491854
428526 68573
260428 553142
809465 190379
557703 201051
605116 831952
33384 393351
862497 188317
754231 704213
869612 902412
40550 219439
417490 548501
292310 886504
265110 446975
675158 388969
58553 451036
219359 668144
569554 758006
488351 489040
846196 674564
383331 353514
274200 924485
783445 50141
153438 250141
464191 483672
951480 19647
239205 547965
652792 759348
97164 96307
959420 73669
466009 616742
904745 922282
214370 75241
897830 335587
916322 463014
357445 51995
488348 918406
886632 345986
856739 47901
534630 602797
797574 296327
748402 759721
713494 62672
519273 671952
983698 799072
887322 501561
291302 568518
144805 375165
805897 703266
330398 110883
71208 776839
892504 864229
688548 128687
308446 883903
471899 218344
280327 247195
930601 84778
406269 379669
260604 107569
445120 815782
14344 684556
85288 653311
492146 462095
847309 872101
395540 550802
67363 258915
916594 267630
462860 396542
289886 965251
689920 40911
851711 547640
451589 133655
545859 342813
17742 462081
833501 915576
117719 310496
773594 405872
535128 12282
374976 824798
509571 183836
588106 89010
153854 740594
661810 478651
371629 47833
540162 861552
551481 929220
636005 930453
113775 437501
834331 134855
527766 386968
290789 156291
616128 551310
514322 633274
622766 310612
447345 26891
502477 683
925761 312175
893929 930295
413950 905171
245992 151952
481230 369620
985402 278658
568772 893773
774137 93845
844405 958871
103105 572204
58286 842288
375565 602581
46251 735732
692679 270461
328135 332963
437316 441477
740486 114271
920050 685512
524408 363576
220329 253639
560611 539982
18968 484656
143498 52561
752813 11181
784835 321955
462112 97722
660386 695434
312600 779448
695142 525123
250425 943578
742010 808091
808261 133224
500127 193265
754965 654420
456986 137780
552646 815740
145362 985903
161693 483312
648833 800169
598185 315751
508947 921494
330916 655156
305794 116479
493587 225365
562789 888453
824108 110181
67368 200193
677219 444472
265661 525697
745277 173936
461633 275749
477902 479001
630277 864639
607470 789791
767809 497578
560107 637450
452149 84469
377165 580214
628893 517291
470261 957203
661909 701024
820695 32261
116011 701074
652816 663316
473526 541143
774982 337802
579185 730515
680722 942547
808612 86778
713590 22317
883566 218824
746664 953286
286872 227054
678947 144243
649575 368048
396411 495399
597879 408421
284724 840687
502852 508422
577108 28616
548210 58169
201435 896924
797918 180659
921283 937668
133231 152325
110131 702881
758225 756363
213473 249335
513120 77958
880414 179076
968862 576992
210228 306124
190718 928433
239097 541371
530146 916367
314336 315172
624038 550995
94147 836525
726203 388527
733430 477290
965985 443473
207814 170453
832558 636344
477756 138027
624899 892204
277709 997564
773402 788659
92617 600531
441659 450850
476825 136492
185543 701024
557549 777607
217583 469481
882295 82297
934296 653986
767794 815187
621084 502921
129222 972158
765953 765748
972495 48348
157829 729885
566865 907532
681489 515795
163754 241090
728783 849012
363089 835699
920981 100093
935856 872522
515139 414173
448391 505599
415573 478056
952569 581136
37532 551979
493588 664818
626320 195283
853197 569424
612646 179180
102353 767531
376898 812146
707419 631279
998135 937659
225732 296140
636068 250628
166053 144149
713215 402392
811868 68370
504813 436437
332198 294749
904696 948986
714076 601295
864717 214080
470213 829100
380564 463693
271278 273084
943797 112769
441668 818531
77412 150566
3450 120099
752627 991770
348929 838226
254610 137275
253441 367384
822501 786056
636383 699097
158396 442031
112554 99554
161499 246232
405416 902050
450158 647979
558954 806410
428768 850917
43999 656171
623128 199297
730289 73109
613718 206112
988147 243716
326909 548237
205176 491628
31014 9467
337112 981055
786869 558305
101809 39256
214130 341505
508797 375118
609301 367172
445368 113109
820641 964336
380569 659694
500540 989712
591290 902765
636422 261107
770165 977370
914132 964688
9840 472602
684048 183101
834372 345546
890973 139884
767394 187275
150507 885646
130023 734969
259821 158772
664172 861049
390272 996528
675809 78693
779242 451694
313548 967401
242838 761876
206615 269854
598380 51134
497907 246053
527663 701162
107043 601900
791030 196259
992211 654799
181980 115522
59767 238151
491712 449043
717501 760968
513537 96139
475225 368010
615694 602756
575849 595023
185929 278694
671349 61184
83469 262588
853427 115688
816608 649673
210513 752755
741167 253572
85910 318805
326132 2416
844159 205853
200657 326458
379821 351606
791704 244461
317748 843643
974093 400326
76493 459319
723545 457860
664599 477904
21678 397406
136399 250628
102378 81652
883006 927766
977295 127075
537701 251959
287002 806347
326505 363778
715573 445258
654256 858757
903631 573897
710220 880127
675232 796513
253119 686898
226271 768561
164448 989386
822699 462423
446294 392948
875266 50817
203999 271538
214351 358866
505027 585978
732722 564812
640310 717514
456121 396645
694576 773761
384669 231947
719732 317097
459773 555391
291347 27069
642752 878541
72418 315818
415760 649196
732885 391661
451000 194022
407488 836338
984342 767813
187386 902785
70787 924917
309030 484314
893682 50866
172870 391599
301842 992882
761550 584429
405611 975758
139702 797280
283244 593320
749750 653238
218062 360643
211362 632024
978921 909118
790183 303976
994636 411761
635926 619258
539501 302113
852485 583569
558376 506142
367788 266064
42087 179536
639640 127669
564412 331222
502274 282523
906450 88394
343890 847624
292114 625341
584407 232845
391939 59947
24351 860973
462371 985884
556728 303317
153724 16147
538441 609471
868337 659928
631371 927486
927431 18588
252885 576900
649561 524675
563623 872321
396943 878776
24545 644811
889836 620825
512143 726256
43644 135709
369483 108747
4916 722870
861281 414261
813762 317706
158946 900997
359725 50270
897251 362517
942609 551407
214647 916641
358279 244102
931208 255565
190558 196226
265624 44185
657571 382454
828869 702307
471676 307563
902759 781969
823595 451230
730131 646734
36477 425771
220271 803101
135638 601403
248740 848807
830709 969131
988640 654791
357924 921135
123471 42855
552865 482005
683121 924388
796879 347532
495389 644633
143581 724607
528285 873593
491835 854167
223802 842723
731196 71941
793102 738397
384379 763254
108929 837131
494499 976167
408074 75581
189586 322205
211620 708071
131694 449489
167283 391453
28721 864749
191274 640450
781848 478327
312357 430292
21012 359973
777612 410473
875195 999686
332178 140443
826042 487134
649691 649956
173662 836474
103439 943443
375055 440816
655821 601404
748565 326530
700267 409384
289121 591449
284998 665149
4363 509077
820034 218975
826653 207787
257724 939609
680347 895811
530805 823116
175508 740996
518082 440242
402108 461161
884450 588074
355210 282626
688177 428954
469629 12303
88609 7347
801177 535755
973656 904886
304992 335851
595990 62111
585873 553540
614780 853192
294115 986489
142594 52582
160910 468129
489926 800893
731616 516663
192343 616412
897735 764668
110378 617228
496385 331610
458995 748754
517613 520982
658172 205968
228310 859773
596977 72701
741264 961979
536285 376041
908150 503560
560672 682528
67650 683724
961375 295782
458226 932111
867073 448184
999352 75063
809408 41366
625323 934204
351640 696515
726117 121087
224431 909245
940865 461835
218310 285259
157117 204987
493564 962449
305725 391206
137415 182422
243773 366857
809518 591650
603905 447536
910322 164393
849958 386491
975751 904024
625427 278673
150218 904796
944604 842679
529324 910388
118899 995679
732028 615990
921333 625770
733303 326132
637127 568063
742926 458638
842068 147658
518443 996720
620357 443523
511012 781720
976596 495731
200074 638472
571798 225402
175232 863676
39750 466430
437302 576800
656490 909433
794650 931298
202756 943815
302344 273104
201732 195795
896274 733420
574453 999340
194510 105321
786076 806561
576565 608956
537958 782868
694660 513567
376748 28093
30844 562934
753130 452805
398634 864024
230900 439913
746138 461936
683128 393747
615570 975805
593910 72658
962364 13907
567916 22575
854166 467422
173178 816983
552258 303144
83890 309732
514714 940357
441136 229602
440772 920176
79025 73666
261831 858731
564903 586151
498062 450137
679227 725798
174762 528718
856215 639869
478599 836973
810475 489630
853588 850420
204133 833879
750122 961253
109625 687773
965911 267264
659466 453117
417865 957811
741843 733494
794347 608606
403466 531393
791140 324132
379343 697946
242440 714793
277171 871641
129456 225932
876564 688008
336317 699805
935847 789078
922740 389984
359362 209618
884270 104293
945033 613537
856827 408075
989233 244677
773454 31281
198430 323003
49255 664226
514105 758947
822737 2794
765541 89549
510948 553781
562421 69991
181179 957603
550480 943167
991855 732399
489832 966143
137440 79062
758963 323194
354366 523989
289798 262610
32947 875869
706757 54054
852955 939260
361321 657669
914830 661878
535358 544213
708597 107174
538668 718955
252434 121078
252248 278723
492199 204206
958512 833538
94465 80322
50144 15996
380929 693165
31306 701288
524411 642420
809094 920268
849234 627715
678067 457550
107853 832707
82369 980066
24939 52045
409815 695484
52288 956836
786959 333991
272188 266162
963471 514482
295315 719274
750351 943335
979217 639423
132744 652778
490920 159214
324527 10030
637858 492091
165532 404271
616651 996467
262156 526150
675429 577171
658140 392161
334665 420746
637219 254201
576843 603859
843057 818985
208334 5194
895047 706549
836562 981308
979427 845931
275409 168652
634074 426553
532199 157521
199628 985031
490652 308315
82893 252927
51076 596857
93403 32354
888936 827472
285547 680812
932119 349228
52789 597177
824138 275839
432835 142564
73478 877942
406350 145785
451916 309458
70497 603980
334903 976261
164020 288288
369978 620391
645212 764742
588177 583309
334977 33889
85171 637366
846382 609002
95304 275387
233616 614165
269875 722889
656807 816814
898603 793072
430153 341309
341865 873261
37472 966198
602795 936377
971352 824858
806655 670448
346663 165310
226088 995565
813985 713220
24401 443289
433059 465785
768291 734530
735589 792129
757823 805367
611821 840593
181515 496327
432272 127569
794834 8169
322437 173878
369778 537873
970973 631454
351397 118022
35878 413452
832127 933939
608498 564523
962648 528840
134942 951832
328103 857259
417134 755183
701022 880429
819574 231495
473024 971217
828559 45201
992093 905393
168773 561883
280801 433666
964809 15810
666219 78428
323708 973250
746778 22653
93411 416683
893571 728669
966226 342818
769392 345626
287535 368769
623902 205640
242637 770915
419330 266261
760139 851231
684794 663049
195012 116776
781331 733662
846320 899571
635944 324476
35667 254658
519458 750431
631318 497509
214195 422670
939845 741882
540049 223715
294833 694500
928213 333197
325335 44831
400536 779978
316048 474695
482318 797013
615577 621634
192661 857010
584890 893561
150103 574224
300103 893780
801727 373411
820779 7042
776969 775604
841293 859011
738828 528088
802261 816046
149185 624463
936636 215026
430195 658092
960911 268263
481179 472060
171627 453134
363824 327415
508602 208078
105548 929445
657431 25048
626614 372712
812174 282892
392871 264134
444726 995860
944343 312696
446805 807060
467997 580647
323101 126955
785987 794932
622333 145052
761897 659604
379896 335589
27656 947653
473362 19420
608423 734036
996791 130863
214766 776971
4343 983754
813192 151968
766695 407117
482112 479950
18901 563915
66898 900206
353106 264279
107366 434452
947389 851788
759958 301261
257483 704700
485205 539471
50858 178840
322676 908418
257962 351578
13092 549988
792086 461270
423033 258453
139827 211793
692072 894355
679722 936686
467264 938060
826002 458760
727145 412351
981241 336721
519846 509968
293715 964659
256111 507048
586794 913379
86250 874923
511858 435513
600361 478699
479090 272690
876778 894056
792495 822240
62507 232145
32167 378220
18917 468062
200066 802179
483121 29082
590100 634619
65894 447043
325693 421080
729156 626796
75021 66240
577424 128456
693308 554041
748223 637882
962092 777817
165645 420737
122988 49857
373561 553704
793219 199710
735965 507515
102726 434445
437387 676614
640521 58890
884770 443639
49468 794448
980540 66971
826975 150838
752331 714979
367282 866358
514533 198776
856988 2571
912698 557332
282143 461693
886350 122459
590001 455937
152810 422044
404491 982194
786883 542184
120961 286943
881942 992814
837684 484762
951216 792317
669080 28305
98454 82535
103190 822340
338062 21833
912186 383918
561216 339982
297473 403310
902232 379377
617699 236159
222887 49133
316361 103216
523124 323518
71819 988030
846932 952584
609076 307212
729914 374024
637757 917327
428415 38927
669545 929659
685862 437983
867645 11377
141651 558309
448888 41054
700837 656833
561934 615046
771202 869793
556501 714377
760257 196236
353418 56220
960448 367877
531978 481370
112639 656528
978029 33645
630307 448485
914953 559585
853204 153071
944584 755025
903316 905253
453413 107815
451979 716110
395097 146078
921405 827543
878436 723951
791244 445854
240968 127124
917774 758149
829494 123474
739776 371638
855882 661523
283588 190747
385374 457587
158733 269893
580259 740621
258620 704027
139334 939800
240691 909194
368538 111762
407309 199434
505183 835830
26950 124830
246465 900599
424050 593771
520373 607309
328109 442842
119705 208111
946480 612234
756028 195716
308143 779214
904898 390166
759823 292882
625533 177813
797703 219205
925473 104474
852290 268524
347890 68381
286706 104172
247275 144554
279087 600377
188729 575319
108640 577554
55922 774669
927103 250252
663871 369126
672292 290707
418058 466867
575248 212443
974524 72989
143540 742084
112615 457711
765339 193788
421350 274566
552655 548987
711768 303312
743046 59490
778590 92645
420493 672272
683016 459221
934729 762581
538612 827424
836080 972016
892634 832677
363257 230919
850100 855997
806941 742548
484308 970485
783642 704816
374380 641376
162075 417468
761372 743443
20159 724280
667489 22226
101555 328339
880411 968282
32996 857211
438268 599890
492322 426080
895456 597450
111156 127204
739400 218916
896044 78050
727195 324854
723355 887519
311983 502956
104789 452160
100194 463632
958661 818511
58321 857239
807947 953298
537746 762923
616772 842208
773097 877038
306098 289832
309692 21182
910705 886627
892107 334177
159673 826383
377181 646705
469791 690009
826244 571498
33593 575287
663464 748576
622779 241203
378348 29883
288590 960335
409072 194813
673563 767926
98083 963212
845441 447485
572424 173030
666814 330929
537603 288139
779548 310000
428959 579444
482116 746061
267922 882042
490693 58529
322647 734097
268966 702797
599675 784516
835453 241249
592312 449119
291197 607745
29092 449798
552189 101698
856825 1908
774008 804704
902336 147301
749275 576800
637163 33729
117871 749717
839333 355602
35305 604383
747085 975402
489539 521252
818857 481636
97490 547096
455209 934455
555141 580870
280127 512218
349438 472028
876390 297193
661046 434445
632545 34681
483146 702886
937702 792161
188970 294075
956017 781229
895257 861609
229401 378219
17839 119393
501367 36841
923041 242611
595651 923948
538426 733494
794043 714480
664591 41395
321626 411857
565144 933311
688132 432701
608591 623814
504113 605165
245812 169613
275757 142024
35001 642295
765418 229280
308005 941894
911018 765607
414055 672167
94591 675870
738481 311984
21556 749942
265316 627379
797681 216782
238064 962327
177747 809257
734746 314048
337951 103618
431784 831131
516230 598879
567065 426366
304094 232926
561856 554665
890442 32804
676478 108920
143888 414257
695972 256357
422255 33567
804239 751131
625402 518842
104410 578266
523234 744285
305554 948361
558212 547169
917605 820645
441623 263343
309002 722862
538663 503261
191186 211078
502624 14369
523707 309281
231560 670889
305317 101430
146500 196321
625815 935176
867721 937208
872991 550771
13307 645087
527777 846095
635112 337145
735120 504265
161355 212396
802551 307614
160799 59699
732797 464227
853776 530764
900165 651385
947821 795299
643351 855022
660375 489828
887856 477485
631913 983809
33862 423795
380861 704381
796046 20555
236428 658243
286476 999798
748608 827566
146344 767691
638600 910622
898719 311428
168612 963903
614345 903542
1409 58247
310128 329550
574720 747499
822852 63423
438852 681524
910574 906774
27761 253985
834126 561714
106246 658264
824177 3976
848624 818365
896440 587374
547512 797318
322770 7904
921360 871553
852445 204703
255106 749102
922566 224626
637496 846892
754038 2009
759830 138066
23955 325764
31492 934799
103973 89851
905240 264267
278400 893672
608909 803275
564228 603069
181639 684225
445863 22598
182414 222368
456215 276592
727802 952290
86170 705250
472734 374012
195829 962693
48436 755097
895728 527897
974251 610682
505515 851237
780586 185351
481061 129036
156037 838170
664441 30801
203494 709133
137573 136786
316744 102284
958328 677732
24791 58111
351043 239282
525789 222
394715 179792
715063 285177
913240 962832
331017 373844
828937 820913
914891 121378
658335 589009
944819 45503
746310 606102
517958 783491
181909 499545
709226 962916
268212 171843
253796 919910
705127 391363
192424 512135
429168 54625
983010 227128
267903 70611
960465 177365
886536 894113
517083 243728
492506 574866
697574 313223
742788 729382
869482 470815
721159 481798
153889 300970
76205 51699
731266 702090
990478 691507
581316 723278
639498 157662
960245 800280
838764 353850
181118 635397
701878 639041
525407 36658
649870 126152
854614 135690
516748 41263
541251 462520
258335 383753
370035 727146
475281 950368
681791 589828
816462 733440
296817 955851
8657 397810
447566 366851
417793 892010
489556 79142
228029 580419
802055 620427
146379 898948
303988 14718
465492 53055
133311 739079
583124 115048
666062 370713
104112 160692
784488 581654
624723 973417
452572 941656
860356 221933
19619 694533
898015 77785
656692 721203
968730 737040
445590 418853
2867 456459
239789 688459
699079 55710
542057 341301
213962 43550
183517 123009
916746 460165
326882 796180
512505 264866
505955 755252
522626 969951
509205 190334
525481 936240
861489 991557
683863 247774
479807 851453
3975 925540
659155 725290
715266 136829
905489 709848
6300 132773
736980 453355
201685 136817
622747 674594
530361 800376
443086 39673
42087 441795
291175 183114
601364 257532
837164 170859
311700 717904
33746 190834
506716 218151
121202 581344
205039 167420
1637 391799
274308 413003
304877 316747
895888 57310
502230 189513
283001 267154
650036 74700
46859 80085
152099 798048
557580 191255
686059 96695
988594 416817
321468 76666
127931 3830
967487 432248
263472 561852
397047 686989
681795 76272
576038 756733
42056 930059
353074 434598
303494 223893
115675 60556
500202 400183
726486 469816
285081 203118
421370 407340
37412 41258
477836 10349
926269 251369
641195 881803
406760 914777
905534 609593
125726 44340
440746 355689
320724 67047
541295 629272
817181 330357
914859 753694
34917 135284
312791 376058
181937 257450
276666 351492
29612 977960
385926 721944
428173 793818
757414 489193
461883 668275
651006 985685
73220 746845
711120 26440
28881 903787
420548 887504
513794 337236
375220 324653
133945 161123
566387 659660
177448 984973
195658 854247
177501 363615
984143 576533
577392 349727
635417 513181
208734 546801
805244 83441
979600 972379
63860 246818
867240 851270
61896 318890
5956 352632
206050 637907
445061 541241
472376 674214
939787 542007
902942 773216
790431 741198
580444 165091
464999 556769
864183 605387
524712 937591
702127 252130
929507 678781
442450 268678
15998 165813
104107 669624
591740 925450
178818 757070
452942 842668
50761 620511
440534 522475
760071 896592
593825 449309
784705 159614
393279 276360
983784 825155
365763 393684
778654 913617
246407 254679
786102 498088
456686 23090
99650 43970
81597 733283
554830 694390
395693 461902
596162 407551
574252 886605
431309 248798
599653 22137
274176 538581
226519 232643
834443 897595
943461 893312
123902 77941
748377 915154
326578 142309
711089 966868
640671 565313
650354 156776
565833 888288
159717 117610
551022 531820
995867 251423
158070 221605
393145 612918
216676 161298
838259 139693
925297 782765
700246 100628
60623 674014
352520 371415
732684 198251
436866 382564
748429 633630
361162 474890
95669 827518
623148 640562
902273 739432
106948 261719
485678 864951
193637 126393
831815 895538
203742 588327
751042 67266
34614 740770
688494 263950
608624 102460
615385 749235
44155 654069
261192 72290
733851 409034
862469 245719
504980 663029
129995 498743
681999 184642
906588 798606
660141 5152
478088 875888
144448 888319
628955 961355
916285 953546
213019 436887
931674 45637
255177 619305
542360 629012
464176 931985
528547 368202
344979 903841
790884 475094
661536 419471
590630 716074
277655 4988
29481 747758
608795 390509
980343 85381
149138 35470
367844 926669
12299 88253
194196 931644
814241 953765
169955 502693
419881 379691
958325 119240
351551 408325
178892 591275
280649 206413
394733 284955
409521 461298
588454 774975
829487 172119
999147 169357
613131 97235
831656 164627
133696 50972
276844 447165
53670 950153
852253 902907
517965 208393
110292 657142
824731 258472
974562 566663
206194 765582
25724 484888
449287 240625
563829 970994
568875 735129
901753 321884
146135 802173
498031 901544
652073 194641
354870 254335
25147 424385
510136 723130
904168 456660
492192 479266
643269 236568
247383 242589
382745 735654
244535 90639
182293 656501
113755 385184
842288 78216
777652 581583
253422 638046
592854 746715
479704 341079
79599 231688
594782 706147
66415 445951
302590 463379
956241 773310
268557 516596
873577 860226
785626 911164
833427 629980
556946 552418
962088 818162
31673 171127
711824 257910
271832 545465
318447 746463
975854 113340
65385 678934
320117 157539
120724 692207
437890 668510
53091 383309
828335 400372
519893 154354
617146 446206
936652 256750
536839 345274
402805 220853
956722 132807
924014 913253
750333 26052
723843 153579
656014 151462
53498 53939
640686 610278
249921 337077
774780 515246
654509 511115
190100 511611
934970 826433
429113 637711
706903 613494
789627 363861
415284 783767
11873 219002
845394 342937
552854 135760
46738 428538
675220 355745
785414 999158
418139 199142
997019 695681
632343 679681
975991 103852
858818 871898
650210 965763
324685 806659
234264 543368
352829 935416
295574 786635
951366 157659
613666 217581
115853 55008
596114 727638
867604 712327
20134 783578
623979 95350
950204 543244
962240 192815
163451 340819
490882 599827
955899 781055
738762 462082
386921 877632
245785 16455
873028 502829
267405 434799
555645 364612
625564 752121
723494 302855
68867 553823
950512 912904
292857 397728
652819 457011
50043 360870
124705 765541
826406 408176
965990 287396
82528 310058
656669 992066
642440 912732
343540 32644
864707 131225
439791 466227
606203 993229
629582 734874
920973 114088
807737 131350
797133 560813
327539 761688
194002 651994
623291 534923
523997 936140
898439 712681
161526 630560
402938 202383
857575 943114
772260 121940
909910 279532
99242 233650
916482 122273
750200 489605
901730 752687
160336 77541
641775 879337
528212 601759
729801 13084
93332 588872
305243 496997
861691 376555
34065 808037
793253 578678
819410 7233
841615 564128
292036 771193
128613 160552
225087 272519
829060 255328
544250 34348
149179 544308
913407 754344
179120 185887
519075 914965
136872 47793
752981 301338
773056 756740
676061 492094
41219 525330
84961 458321
411000 725923
694835 460895
474517 622813
857098 715609
233825 482540
781341 447582
928654 802137
94832 600950
455294 704644
303245 367081
52271 348419
202712 351706
65195 810471
719316 506549
54991 759960
267143 344232
220039 485236
776127 89522
810036 358157
903794 799816
685859 645748
362625 129750
859286 951694
232651 226443
128514 713700
981848 504917
344532 719438
757408 633648
136616 694778
688984 821985
562632 108286
503246 494244
524226 825342
913481 905732
323735 914240
375669 578871
536394 228532
207966 108207
221191 742495
899204 25388
278272 790250
750056 844801
463887 133755
407900 413059
543870 77975
523673 638001
800401 903527
455168 52824
151095 21099
527677 336247
366244 165678
781897 718194
87868 576060
143295 978399
337003 747470
512825 710652
9597 371165
612942 523942
101768 43879
444578 795453
588436 390488
795011 672517
356508 942456
97138 113613
90312 650749
913581 407815
646758 306370
641723 720692
385351 288189
203830 900926
446816 84737
199348 281159
546307 153140
596208 742147
571231 327063
729702 213217
126340 712653
387481 162718
985834 973854
25460 610436
870532 453344
407538 803542
926166 710536
844053 719788
71409 835013
642139 833691
205902 128106
502876 376865
374886 423476
855498 128968
937611 57494
461398 789581
843553 322960
281538 49063
359797 716052
438190 357278
6439 384483
267872 606138
955344 27928
260119 65817
157260 899328
798878 653087
278105 298502
975987 722896
571201 583935
591626 143648
500103 781481
187917 269135
217962 482048
409532 874233
919049 479741
441592 203918
882442 318835
562287 718207
111231 104422
926820 844701
668184 734091
561661 459512
647706 295679
563083 523965
397479 567120
982117 266177
418808 150683
337381 848159
401952 246299
936646 727979
48026 220956
537386 163419
688418 479270
637091 139208
86170 617450
769298 64374
191088 207292
314956 716111
215588 732199
382832 666894
320641 553712
513455 20146
672204 850505
521451 203924
583082 276230
41016 857464
567962 607390
664035 74011
701535 512081
506583 984034
722529 214322
260758 162797
441948 652375
10149 74286
567494 642559
907784 590197
626280 148249
93238 381130
786346 118803
815657 218648
675580 309801
11509 922307
131329 128593
626119 687847
74162 51840
388454 129100
925688 60693
295225 281461
374319 149076
307139 278514
467754 296875
124878 623681
503255 88445
369569 2814
650949 767069
171354 911013
573295 473666
157248 341041
683340 32885
639464 741183
892094 112754
192782 662388
787532 876501
51964 232486
687244 492125
194326 438025
228189 309010
232752 702911
417745 495162
501770 29599
195543 878252
515744 145700
851586 627106
260584 897161
273914 829937
19861 630552
630233 277232
320168 387799
708691 884250
843198 522427
872105 173532
646945 740346
616834 30293
173185 289125
399205 182045
925113 871819
342692 366841
522419 992916
340032 979941
127697 199880
87402 2552
630458 256809
233341 174460
274989 42247
93961 397970
97447 420351
533159 746093
330440 221529
428113 233235
167499 836579
845770 382636
453023 768242
184615 494612
294315 809511
640955 732640
925870 867699
602335 427938
189939 697394
343597 973988
35400 999134
46264 923052
134994 840431
335694 7188
820656 90314
470217 189348
702609 931262
988237 838720
586546 458760
597995 435723
298775 169496
394706 915259
233032 882664
377489 393417
723829 157184
687216 811947
809321 462252
181601 354076
941954 630050
437668 402611
59948 886556
435634 592480
840125 408649
714801 42001
986447 85150
455965 366697
437815 634380
326368 406469
742867 563736
367673 256230
794673 46379
452141 167108
589254 521063
608925 758342
908218 507187
180222 119917
164824 475558
885258 484150
867182 370765
145215 921325
513172 6849
379879 730089
217281 482092
594534 117736
272233 173002
315231 275206
693276 721218
503771 652348
365666 443845
3611 543472
718438 736230
802774 753529
344147 497928
420953 630134
19525 549076
905970 30504
355452 291186
323338 415291
138536 810409
529359 639859
496711 283771
157105 629441
346861 478261
442457 111169
58070 259453
711875 285945
531623 963615
79074 557270
196669 106735
721298 366387
366902 893905
757499 724335
715271 347367
901250 750972
522418 269795
754604 310120
199720 290509
819381 883362
500700 878697
481963 496542
729634 468754
98947 532263
472840 572527
3875 47130
369632 762314
80337 548263
144140 665151
872930 392623
695460 44708
135643 389637
161581 309764
499787 499126
926821 530746
41943 602632
165106 314917
109746 513277
808524 46048
884598 557894
689204 596356
746704 51055
833603 864666
175438 193569
680996 287319
302497 616776
813315 929574
273820 420066
585869 105341
64369 800056
821258 512989
1218 562905
943346 583519
921818 85295
702143 843994
40118 952301
546267 253573
493101 796479
960197 68601
715440 342906
466848 731836
956848 374719
676989 686893
949628 941715
762913 760372
484314 971374
810364 628703
864876 516174
477654 506575
664070 151591
103111 797672
982760 141960
881993 78033
387932 48025
225121 789042
614692 175710
420613 881620
606900 790909
287147 483152
292280 977054
271173 359212
641805 507708
562245 27693
822211 587836
639367 768314
49063 975502
333039 88796
156483 985780
956368 755063
170098 518259
279405 497381
613319 656683
881127 7554
493021 257078
441116 20408
317781 865869
476879 745961
758562 939697
856219 265420
13492 917324
505180 167151
360304 922027
309800 721195
839400 119309
767051 904733
838804 812105
762243 730977
799075 615656
656768 841345
702338 242819
540384 906937
950148 14142
338521 956946
102172 145091
330839 879153
513935 611861
913095 798510
809084 529400
908366 361634
848108 853927
514495 707972
404098 725605
237844 350255
574286 926660
52779 682256
253594 442131
121582 748684
278437 767254
41461 136290
81721 726717
212283 107701
536587 966007
686935 786287
778332 932960
315597 235354
366783 87328
518706 114895
768920 473181
811358 706948
168066 743500
331803 817577
54841 312889
260730 732719
807579 994242
42935 290564
848261 841385
320112 656452
131377 562890
367127 986989
988555 679820
880559 174085
824680 764818
585993 799157
25069 143571
349996 734276
15438 35743
783671 282777
830069 288682
303571 372050
27193 516395
116497 531569
502851 296067
876908 111891
23643 707364
690429 181794
392592 492773
344623 557310
78803 286805
197245 223608
45743 532344
105031 997452
531889 230519
86042 114800
437491 59319
665786 429518
275482 930089
969299 948063
696921 912528
107976 327927
508569 543
891996 751947
572160 615893
207312 699160
240986 902075
586167 828928
529724 241463
402509 794057
716355 623316
989941 270057
340328 771135
337196 836196
724585 426710
879749 484997
389179 92613
504083 117173
657051 296074
492883 344648
89925 663847
184190 773729
833497 410041
579891 206558
432028 381043
941408 551194
801426 766097
303800 634923
983726 320998
797948 719945
766062 516489
188746 218155
733862 857210
85293 672430
540452 943669
408956 315294
359211 434800
168145 445223
114490 502853
599946 801054
103156 192061
747598 608794
346442 217960
435970 113341
563392 861335
671360 108940
256333 252261
499077 288232
645556 550802
706515 693999
227202 578316
729504 542272
415457 344705
174732 510936
130232 884860
610580 49418
263975 817874
593870 763229
140988 954991
666350 846534
222630 753100
714693 162406
823010 714670
199976 492885
813298 909362
789006 59543
554164 41229
716051 872900
66476 421754
183973 811588
296586 254184
577512 191957
992764 70713
633533 192041
891106 403110
159949 212129
733834 653726
848677 543130
371474 379091
963448 985163
818782 670807
625093 539773
513899 705093
542384 762040
321837 17538
367101 188987
623436 285403
67121 755896
236224 669055
157043 501462
942379 483127
157328 839871
498105 752061
908975 746851
805173 163182
911179 198444
209200 546034
232989 841714
351962 643593
82485 29760
372162 19411
814304 797791
519393 626570
930241 818919
385877 499703
276883 431403
11083 557944
160264 763432
81829 672342
440695 824680
834627 605568
542828 402784
547456 917033
37312 404550
289444 772815
611380 678804
135319 16372
137253 186739
981298 929328
739856 559195
595831 271512
287719 887283
376570 459182
688617 450123
626691 292990
136243 130046
729039 179938
117898 204206
307164 634493
416502 231834
79281 461752
933603 365930
533688 406392
667839 368649
574900 627879
67554 140972
675636 735183
652467 721369
929964 149686
167366 520230
946385 365175
678465 950804
518858 671901
971449 430116
86327 352677
851559 205522
871052 866255
598692 984482
395821 17502
484763 72968
807845 891176
53193 387388
373127 234483
884759 475524
435502 371281
555456 488173
400017 270670
755679 793823
822725 558722
429592 127561
616463 922719
584172 334364
85022 916714
704931 118438
263862 599834
129429 448441
682378 767091
150144 308379
464948 730517
19263 47107
362682 720413
319076 588625
145788 533021
749532 294182
772963 751752
566619 880067
296543 233625
280220 515648
911954 233017
916251 612677
995754 501712
588207 759964
498272 373241
853280 907891
270502 873117
216030 579099
633526 641875
612679 827047
173829 702302
962334 784823
426643 988707
910270 623564
389534 465076
198193 198770
533545 382834
7427 523322
140303 882042
518088 261841
751684 207745
572752 929790
487907 951117
192246 410886
695305 798091
814499 34858
434923 554384
765086 60032
435764 133180
166080 683747
214828 609446
956980 644920
397764 988752
679372 594679
62542 325517
7464 68115
461605 692166
346103 135191
518504 457015
991794 310065
641757 812014
730613 722934
642265 749083
272794 449347
431316 10979
933661 434938
218327 234151
847846 26357
623015 587003
286192 341915
28331 713203
195071 994689
366583 754647
673546 336901
148158 747129
282579 385738
470805 775771
718449 404147
627273 865361
786085 628210
657372 643068
153782 552278
41887 957036
669230 576976
944940 684558
546522 540615
178721 432802
252246 806275
988511 418014
274830 784964
867119 41093
867450 298342
568909 75190
606734 9045
161208 974935
417585 98130
264708 657656
10769 573536
649689 205493
565269 145728
362264 78891
29777 98385
462911 150535
357721 591657
593823 978584
337481 595757
471411 492940
669972 387007
8255 918513
886195 766131
585756 137125
824651 914435
719914 992800
771905 51953
673922 829256
15815 276527
846139 218532
480388 850057
973512 956276
149904 724158
862055 541055
719621 112839
114203 411690
964064 694714
234652 508946
932648 499226
65893 159655
344034 418660
84612 51963
397892 285361
73896 199786
6061 795241
955633 580551
48732 924202
398859 473584
28913 720927
533911 930455
99654 321256
97979 598071
9018 350227
710836 293228
571094 507413
633171 187587
952825 768697
215741 754512
170832 841851
905940 160403
735785 410396
479348 242697
103350 125390
217659 133926
113951 172312
53924 657184
679961 912891
349302 163821
719127 897633
509545 968221
615281 390230
509283 485337
688144 549240
210269 625794
949591 726502
593136 448078
8481 8243
504352 588241
229120 243842
620063 7372
436154 81649
7476 302589
48626 305468
24577 877690
112329 735827
638902 488593
319834 2885
691560 494398
502546 236414
186582 223550
947411 357808
181928 931800
277927 514777
369701 665118
832890 521404
806490 129735
179458 224964
426191 473960
919269 233098
969074 905746
717389 441263
936801 737735
570994 774873
833328 595966
509059 428125
543073 455961
826150 862774
225316 383152
190281 870058
979721 743583
722575 120748
561318 102441
740087 713849
405413 734503
113567 805021
966163 433796
332920 723007
892333 920928
177177 558972
574400 689690
822997 176585
350900 325693
395825 372359
244130 553429
516048 368127
944602 728599
846303 892477
421271 804195
755377 955123
644771 652966
257912 481598
470233 859973
535925 520408
124369 179640
311943 462606
714088 358623
792673 643511
650699 505184
800707 972164
533990 290628
771643 408577
755274 583343
456006 563184
404933 132824
844681 66020
359419 868849
440007 954043
414415 627873
967994 863168
769438 558211
764190 883543
275642 548880
16123 141009
569119 854340
241070 781995
331184 756574
846648 725347
378123 923187
39887 62322
189891 71292
210928 691581
576141 218845
672111 380182
654814 95974
477545 540790
20844 571756
529696 992177
938541 40915
760617 865124
47780 986742
134917 238375
700740 583343
41666 429549
908950 717190
412604 43199
657491 105345
83571 346530
583366 403611
142548 558365
971810 16850
10073 815246
462546 386133
150442 669573
743757 185097
374363 460702
205964 372163
174772 24054
779633 225190
549070 191594
352001 852970
836852 362371
723730 212242
164301 386690
729130 8959
937844 426585
309662 682245
822160 308996
904860 470624
837266 405243
952277 952549
760396 339212
705947 106475
154228 312348
836339 452082
147498 963067
318634 426514
12367 572073
768765 44019
623042 765297
472491 354463
652221 384965
739344 322910
898393 546905
629351 581128
948199 387561
815035 162499
114107 606898
301005 537286
894224 707084
605555 901980
865878 254461
735548 375174
846742 32895
991928 928188
212629 268442
598097 393662
556354 663340
445471 460700
190728 201559
603333 304400
983951 673245
401387 862743
467183 451852
13075 840509
469754 471336
185693 528847
449029 404313
520618 976084
204417 734450
578212 878215
817326 190974
135455 65231
303626 302709
594823 926112
7511 535097
154283 516743
118026 33973
500284 495677
562947 649758
573352 426265
26025 369940
819205 926103
88153 163862
47807 692245
948559 169648
899601 144356
367364 429410
712096 946123
318555 36244
973493 748696
597415 270002
542911 367580
551909 334514
459420 220820
914396 152388
907858 280442
159930 611041
807155 957523
674441 754491
699917 134118
670722 515657
38596 455669
83418 343651
357993 504714
691645 275269
770026 937527
938393 309902
676728 288819
412640 925117
103217 817911
984820 177551
172294 755316
218610 923627
130637 934266
183069 421271
700542 882938
372315 383874
582794 430740
254631 250576
248519 955995
263656 197175
305509 521827
714063 274626
215656 360592
863115 967172
492602 967076
9402 215125
577644 437113
499837 467475
992336 147935
809099 120646
952397 982593
3176 133100
150448 353604
216346 596466
352932 431407
604006 878599
61157 603678
760289 781388
594187 822502
625552 366578
750487 567614
952261 346188
430031 961470
528984 540791
548722 922504
9217 529304
89160 645923
717709 456581
308757 667383
73046 177931
88020 945400
78899 131956
839656 770046
592776 883876
96411 783959
17356 239551
878414 357170
150847 82546
693564 942252
661578 749982
104874 449928
350397 711068
777533 274219
359675 831439
381613 604672
817935 694288
106336 188176
832199 925234
756979 725958
102025 918156
768800 374381
359641 57291
420319 957885
90104 731137
200006 38518
914529 669711
6647 254958
56328 536205
221361 893450
709863 134698
359801 156931
865754 912430
308550 928382
969004 918067
916693 510162
586135 890736
80409 329914
511013 614864
975343 934456
43935 829060
635078 747297
839340 690554
657120 913114
134142 138322
254732 376198
17236 176199
357087 48931
930982 440894
287391 527997
646209 269557
306143 6770
501059 809850
868302 928103
382658 895646
659161 84749
564249 327085
812730 990156
365291 420640
551478 509993
610683 291364
246260 801101
814416 375364
344785 891140
940493 719095
561793 445993
280270 964631
460296 291893
280950 532383
921684 184415
834050 997954
183369 672696
854618 784568
716997 636621
885748 583233
802497 100748
442208 5610
604430 436542
502123 760977
440938 484867
520169 613915
111842 235281
525418 670322
774681 507389
628404 590172
521173 649770
6727 781457
830381 642763
42283 547157
192856 946040
79040 36099
359479 629947
626683 917429
799847 601004
414410 864582
65808 258464
601006 701529
189678 471111
246713 170873
527193 32744
907564 329248
419324 630246
701951 26558
831942 965586
705576 874462
607689 119476
545955 376644
708429 264005
270109 766095
363405 702360
234905 938769
241867 392130
56686 20537
412096 667443
746428 637325
902015 968948
121105 977745
843271 963446
657926 413876
896925 688301
606429 451524
969127 395621
790136 414784
668959 930624
607120 411186
529213 857717
310554 27242
33635 710087
19465 522559
264790 620364
522177 604850
946160 274509
866828 623670
643009 618085
638589 443782
841942 527837
242667 163466
41431 754512
91605 605473
56986 89995
203677 474152
555182 666074
833462 204774
40923 168556
963936 650936
83313 524571
142495 110965
322982 533661
527840 753076
6117 680154
95674 682053
630041 707013
657034 595982
515626 80763
643769 496108
938214 6446
535112 235398
875822 797753
537949 687634
60710 791044
455472 440094
746933 998717
382470 543959
69447 544459
771559 319217
22054 4559
376732 991713
768708 94458
548692 300314
989236 158025
695504 216982
329171 622569
910028 923515
888827 204680
911927 56672
341409 842962
973341 360330
760504 236594
972385 958080
524056 15485
75286 917911
391207 881026
796756 629605
488194 392057
515303 37933
166766 784536
88853 881817
345895 62921
506747 189725
910433 163252
468102 184246
271519 808904
110775 861037
592142 757109
135644 43297
717309 921740
554648 377901
744264 313199
123599 216433
428123 134343
26184 416777
56335 100785
129151 171727
652796 692297
157288 246249
634319 290577
324062 951040
788737 562193
157386 147642
618608 447959
243855 979819
688978 497409
889561 960588
85109 395058
73367 177821
125474 17905
495019 772125
168693 723076
109590 672487
224099 858707
22776 826771
398728 932157
147415 603182
19804 259253
722877 691428
473885 808423
63108 896531
213403 835136
