1000
529638 570182
120623 440164
593524 210566
769285 330304
347323 652943
277019 282378
717541 316930
321149 971190
395661 431758
972179 703372
304849 27315
768407 900000
256831 478386
720782 906874
479594 157737
208707 67032
986160 583488
164084 485924
874587 984480
156399 194699
944767 256155
813306 778548
831247 521776
165393 19382
752040 702117
449440 621007
125082 688698
266663 453891
677046 678508
176471 51779
233019 152393
987137 494363
601276 326446
235268 783513
252119 179365
286695 542250
131881 444109
257672 25207
877851 890005
380830 546504
808780 444455
222710 835452
724689 71160
151817 548420
277905 40749
91932 85479
623354 415741
931857 150196
683097 210546
209459 998243
965538 360098
535318 927550
802605 534957
834374 370367
489466 147825
597397 900942
642923 18046
690068 618193
209116 864340
9057 55870
244605 946244
490286 928135
374932 177123
276648 950177
167871 6617
67610 20990
695733 82586
453705 149353
886075 197353
836245 230211
855449 50783
944583 388798
605886 626836
196304 99171
417929 929116
701853 162370
246234 49663
5075 167629
727129 546639
641954 856255
534103 799224
688783 561040
914236 580461
149346 696024
610791 612644
956480 341979
59462 82747
994629 428782
690590 862654
322910 861672
610570 633811
16224 442224
704004 832215
728464 338895
274856 891795
348588 683751
551352 286274
723677 440053
375924 821697
3088 121185
983796 684059
672040 492496
138313 91097
936275 414454
723390 395876
631150 857708
489568 201398
165142 850365
201936 319951
428334 416139
521853 575189
44075 440847
737958 149264
905991 730541
642057 956432
595826 101337
123933 399136
575694 478058
942923 155380
318637 554788
931640 484196
982749 925084
580850 794904
164672 829892
746603 106094
329303 698357
535720 395169
511667 105228
667764 454701
312819 962248
505298 46044
392057 849038
946816 868511
956954 175620
327948 369685
597950 190202
440070 324281
728762 215872
705402 703449
724397 949831
821407 223706
682037 463950
101793 97307
197506 430840
412648 779644
953837 434312
712081 819591
963511 967179
51661 657992
179544 64516
788338 369474
611746 455940
389599 963270
963698 247336
286483 124448
825796 519296
701729 219180
623866 876570
869299 186122
52692 631704
493246 997011
508601 663324
395711 190239
956783 9469
618584 401915
743283 415713
148361 30279
697315 70093
449576 665141
422271 382450
214793 182230
979478 786075
498904 281855
463277 88326
847466 744083
241762 5582
821051 774285
181186 848252
722917 181864
850478 426733
428069 299583
431569 305700
343655 96981
286274 337274
633456 992462
889104 151303
534286 726479
145892 681950
212084 565278
237458 864699
159997 622903
507221 828532
103551 225349
96062 238809
913239 592113
441269 896056
123900 183985
666896 648854
609545 548750
940128 714578
508111 347695
51605 43719
844502 344062
349908 605295
607778 31978
756371 969857
327243 789661
937665 67124
155880 107288
483214 648679
411990 693026
7908 482666
34729 556392
70453 531351
542469 857802
606099 129757
163786 91130
985458 507454
30733 832149
596096 883488
394453 588800
377941 305364
281930 743092
959847 617074
843343 141523
527234 200042
611783 276065
795463 65987
649175 827518
770620 149429
510925 947144
75463 476074
547525 513534
776177 749066
143017 612189
198097 557510
226392 720555
256757 163448
684790 531946
101427 117094
277685 563353
362559 136747
808666 505477
626887 396487
663067 817015
491688 154946
396659 456860
933279 963354
972212 514679
626027 296570
351778 730616
911826 929619
455001 317129
248973 387908
955910 734817
344260 226426
297002 450966
17739 150183
462947 302517
90303 248398
736385 616509
720468 310435
252088 935492
336638 5464
469060 430303
838128 671131
617955 850509
853905 303819
301665 632436
745723 920972
550152 5409
708924 10470
787581 891588
402026 4400
233908 341579
414056 629252
924297 896828
557611 731541
959793 634756
995877 86694
26228 298412
507257 956389
1762 788775
524140 395161
236874 956389
324106 737137
807898 962247
50718 598861
846815 395902
717265 33804
920764 915941
295774 658899
579995 714897
896923 5085
307655 488357
949487 389631
149138 82027
762399 63316
269529 797942
352881 523327
251961 593351
38513 338074
32901 752263
610177 188605
262769 817034
55971 632414
108826 864774
161285 362990
563485 350072
5179 777191
472761 196251
837248 940086
700588 845671
287346 812934
97953 90504
347334 933554
649316 695749
934906 900092
360950 209008
298524 514553
853024 404107
689794 792314
778780 234662
300534 706918
912562 705043
857306 420973
159945 666971
310335 178718
673173 704121
167184 932770
23545 248869
665831 479361
47242 140892
136116 514303
270454 748577
435204 328471
716974 426375
518565 157237
939767 333313
558258 19873
822622 382323
460497 683530
285322 531016
381978 695274
332790 588267
239846 294662
485245 52652
822023 647476
641457 468715
740161 395045
121298 230709
597251 488745
399604 747285
415411 722592
906985 974601
209393 774035
322965 176286
942602 47665
938463 965662
781562 326981
964053 527530
116036 364232
280949 640396
464432 870335
971782 153333
491756 784513
278312 262997
356061 104586
824284 507042
360913 655325
427830 733960
403242 734336
748914 501764
373842 274728
412349 25537
647543 720884
570284 539066
124722 139708
532153 818450
452076 599892
414608 787034
724134 320535
53786 232961
522973 192608
609708 847551
281125 703069
680529 494128
939554 591356
386557 446828
863913 16800
25930 85648
370470 737084
327570 172429
1754 89785
709404 238599
564305 168623
126967 39441
652323 543901
696320 661971
703029 991857
394455 994769
792407 143945
856991 316963
897107 144483
545623 628
27373 149490
648985 426399
364029 862204
399117 836603
97031 175512
735292 681119
972229 709874
210534 722370
449471 661390
87371 512365
868102 655609
878146 979176
409222 132277
499261 782156
89304 38876
231988 22242
665099 361442
883759 723780
775263 342410
480559 879314
75046 182662
150146 977785
887140 361710
909431 671375
34005 30553
692980 51609
745934 549830
51636 911894
669686 122517
43054 800527
627157 608152
148415 199179
779189 38027
725464 292265
237276 350029
530273 441146
572730 829880
858420 73755
850040 858862
774197 478389
294911 666365
100103 656178
334578 925503
535303 559462
921001 243377
445705 137979
479013 587297
65873 960535
784542 122404
839632 33668
314816 745126
9935 12078
995183 462
611813 319284
346177 864312
697444 584732
751782 297688
503747 509238
270519 292553
17566 801455
888049 500442
928104 856188
169886 597544
187156 117658
418235 523746
342397 49997
677820 188743
951496 853240
463743 127179
98843 889777
185290 411463
533865 481236
110563 150009
484854 965211
125164 322958
745587 521440
169787 649369
985668 444756
679835 740332
130598 855115
328041 39577
747107 235621
920395 984008
513065 286285
954819 53927
325665 238357
512598 798474
39669 832017
221862 882435
792871 630120
796526 830251
319691 953458
772844 532750
326689 487702
138232 432613
455840 461246
903827 632038
85173 547603
494692 694115
487440 710891
476924 827050
202432 325355
271281 985758
297030 568081
61175 279329
282643 680325
586979 221858
729621 944068
847094 575227
775596 728003
516692 873464
447548 140429
892519 493467
408215 43911
622544 302134
644416 924762
592577 478781
30464 274433
940785 526673
22521 261577
991387 221519
50626 658649
374061 553450
227409 757066
654384 715098
530398 698728
396839 984882
812776 964491
284915 18972
315023 16870
954690 349133
725279 36119
972198 103994
881013 797725
359943 889303
609652 37707
729490 352582
543471 925042
779462 380430
108698 341765
865189 144005
931906 740812
986424 347326
511979 718305
974403 328198
496032 662169
126872 111323
711902 518080
463647 716867
57113 49898
8191 74306
510860 546199
395857 338285
116441 599891
824216 455535
83737 998895
201308 270183
262938 484164
845116 692551
434029 713770
579029 953293
872481 294682
520344 156793
538411 236979
240217 487195
49684 788398
804446 257241
4929 377845
363147 442851
159252 898184
279223 972435
669088 363357
222864 830592
225458 880088
703124 995150
236869 752308
604500 766262
897238 658491
509548 722537
117618 815360
445007 307887
187309 322943
799324 473458
243020 659119
319018 673959
322804 387880
13563 69290
486060 388826
526419 183704
738567 423388
236868 914286
194622 319042
673021 602374
940055 808490
906261 340414
257023 452260
915115 264101
292865 450857
231418 136747
670340 63187
733029 53359
845135 455033
192772 23662
451980 708491
738294 530905
618100 833802
922958 776869
885486 378872
677521 60917
472975 493739
142379 748320
132910 669262
75309 711885
87634 368176
474131 54808
655197 226364
259487 409124
423798 853249
456016 148469
713009 296182
327450 113077
264607 43810
140719 567254
26950 327893
717862 100778
528311 948386
162467 276840
294867 359032
222387 261288
948391 535294
667550 375129
257179 705745
297524 196301
169992 374689
396576 827150
956669 82294
236696 936825
834433 257928
483785 505585
729998 333444
783296 320167
233572 196759
389183 181560
176189 570041
325333 847596
219926 581132
463508 641952
767348 423764
135348 845095
518539 16009
134423 957164
274312 701599
488201 537570
313048 139784
195995 732909
970642 471438
423826 988835
660657 513618
936301 598247
433648 574552
308622 260203
713986 115668
257688 218698
251729 569846
931905 238282
814283 195986
4869 107826
10932 986765
197577 492065
861654 968947
186010 852149
393752 157969
430072 883235
417183 985082
426718 728167
901441 506537
522414 992985
317103 220130
10427 333144
100105 430644
628608 606000
874454 595250
626009 729117
174824 351442
828605 368471
426418 478762
198246 450988
407186 328991
15983 311660
196970 312756
726461 756245
540355 189940
247509 154379
318628 968027
167100 695260
715709 587657
403038 422859
303700 929764
444400 681667
212748 282594
908802 768435
928971 649903
682904 775477
353031 157945
967711 914423
333706 970061
829369 107157
253321 756040
546149 973936
504108 360590
928384 501507
897707 539617
130076 760090
388896 210923
130724 616903
668024 499948
146299 684549
471444 277081
864680 631317
818341 996390
53348 492596
575882 796171
200397 238948
149737 525654
963638 742142
151088 94566
111410 347515
213582 307761
691231 129488
828653 994484
807250 320160
594898 166203
617736 395539
942853 532587
483739 107493
967677 22315
580826 452336
593928 278242
390394 437437
557439 207808
357524 673206
855744 810309
753832 641462
963401 796352
215614 596717
319541 374829
466581 68796
324211 851721
717644 872103
836565 185813
660773 780645
265720 104259
49345 168141
654034 761760
170347 956976
420250 42952
294407 230370
429564 556672
705542 275946
727626 331093
490006 647841
158217 779147
305833 253765
889738 978667
544047 920201
931450 818244
811017 517205
136288 943973
143182 235860
944175 734776
778183 195900
618285 256414
500649 686511
331203 362964
904321 670178
618099 245864
332230 291961
175923 665615
858671 503344
810013 606169
785267 855244
223147 394199
213516 736088
680304 962585
888859 214224
178503 156887
152335 496887
240022 497959
371907 552075
348649 221600
516776 506464
800050 483920
315694 177866
394934 753997
800042 415143
767091 362413
909718 981292
922306 675875
856000 405830
501307 326967
239652 591433
220157 987500
595141 495511
190038 690393
362429 672985
354974 402789
263131 968678
520641 662924
367338 175437
923142 986253
147746 319729
890086 946262
576100 874573
322942 655778
59502 157304
710348 913490
706789 303852
467071 251020
997128 517076
358478 98063
525144 891101
333785 269352
769305 970083
25046 995260
913342 456957
819714 301397
176034 582760
681771 23540
25497 527334
538176 881498
127429 62414
360500 961533
7078 734510
851625 232460
687946 207599
632398 706353
698387 36013
641721 973997
816997 196301
956642 948548
733642 529045
108972 791132
680107 135293
733469 399789
604985 140133
608535 203082
924041 72698
167976 292171
34353 162235
573289 811955
561861 393049
161359 125401
57767 293993
939955 357839
460135 840757
991469 317174
816828 851064
880018 699097
402654 543662
839311 547110
14720 930769
741974 957647
788695 504569
919027 593779
99030 378815
67721 165201
155804 900370
825989 737524
371838 262263
756541 696137
127776 880717
358283 848163
454256 518896
75388 689057
22781 481305
850284 71875
630289 989580
854079 917676
461355 624730
198134 601170
614027 3049
905219 899767
266197 773402
15391 368406
353314 22122
326888 720524
614888 374353
535007 618257
615882 43398
698232 437533
547423 116423
433533 959768
773521 653876
334393 3525
327078 677547
856004 955179
20048 279372
464274 579552
818031 282949
214232 756739
317278 918930
323133 777530
15886 60990
880724 205372
281206 538745
490077 459529
123327 622635
690363 82044
19680 988980
700586 783585
38513 834605
944213 504163
346994 757065
618511 467858
686972 74256
611714 347519
599933 937506
919725 821742
822724 814092
58982 857302
669110 181255
529619 596439
412341 431983
406774 321134
286887 337400
666891 610257
586202 147170
299324 600336
315485 456920
469292 832928
316289 315806
812010 163626
616149 616379
119347 945438
666026 232231
988094 988703
115085 462535
864554 131381
88025 754765
570210 563948
192299 222633
839115 799700
663337 302816
556450 42260
432714 759680
457909 352726
354110 563571
949920 661073
307536 718447
783528 484432
339935 780308
599806 991398
70669 934480
237010 498147
197035 91709
243055 835491
3179 572935
199547 438419
288096 209656
739463 119945
941194 83716
564947 641935
129860 862068
35955 722157
332771 594663
258247 482744
710280 183150
119391 950018
82864 854098
16290 107362
181554 296286
90027 341778
444271 562455
657225 836991
892868 319293
123311 482132
640596 433969
435131 319092
394390 409944
516588 436443
737016 252042
845884 466949
321395 632697
221951 129982
214181 89395
209045 466026
191814 792508
20413 546365
166065 328628
991660 653607
716468 465553
386309 937519
288228 975673
689200 40268
730891 945875
