5000
45930 86088
232869 462935
337797 160781
142335 661969
28036 692825
476460 985367
3599 248549
907471 51063
488325 672958
13510 664861
305661 945339
626795 804331
132168 373973
106587 860689
336348 899236
651287 252260
604030 225151
269877 240851
67172 36372
994326 842235
826149 834353
669693 836509
838557 257374
631404 444413
873237 479498
694140 603956
396472 24570
562862 533138
61113 76355
415442 422596
702815 145329
962832 808685
927940 776423
753239 61944
165190 156462
152288 120211
676562 874620
717251 474186
203760 315754
434050 168190
424544 688843
28691 711397
734348 642682
351246 907918
357317 351891
804679 32889
211060 374672
431304 598711
721075 969731
436342 426579
238480 973969
870681 244878
44605 46483
872501 105950
540185 492750
906052 546836
588974 862861
449964 926078
289162 736975
894063 455553
906273 854226
880067 720043
926994 358661
105585 86939
293414 904959
974423 568251
954553 116072
260301 787754
925494 844890
716747 264169
425166 607339
972510 297891
789759 744644
645502 112279
486517 730979
790560 337555
632319 122597
761843 568624
495644 947954
205192 499067
677774 381612
124037 936445
957086 912449
805350 466664
977900 589086
956659 597122
85411 242608
600353 576165
640578 143885
964789 304761
555740 371655
910589 353134
22895 565933
259296 976539
354213 851710
768447 639194
840647 109439
823806 3955
347607 372836
231042 600068
248451 153328
225463 803617
653323 944677
902012 117479
173333 104562
853203 575215
202053 10081
949521 685907
713364 614846
886635 683316
747018 892344
983218 931666
468829 765282
559459 166226
913901 245366
644416 463606
150539 539952
527229 779142
489319 689250
130473 555042
17447 474502
718279 736506
465062 149167
198057 850947
849269 136587
984813 682972
704561 827565
592475 641586
836338 865414
933235 962057
853631 752694
645355 287471
570657 713981
471736 243289
138639 510577
900684 97955
203128 983516
490530 5676
529385 440861
712535 895095
637844 178573
353423 926499
449792 204012
464301 397466
828443 791016
245368 907353
247389 322132
831420 350516
388246 284355
521217 82222
981672 76636
376611 921016
651760 826191
659069 441955
465231 513084
554654 825198
823886 212416
712832 822689
835796 855092
79877 173300
790315 843718
322485 181208
296375 229182
730667 178811
937181 201453
617429 704913
720930 434598
320819 824374
100397 482498
484260 540669
791969 938353
75359 666229
842804 79621
551587 629389
48808 942748
842035 660257
303469 751016
737041 797037
702693 714586
38163 441412
627219 100094
946438 609289
788169 214010
451788 445756
711852 79404
473055 471274
62628 386938
334364 176412
81602 580409
17791 378303
670385 579353
118235 852297
819823 495983
572886 217610
947729 839649
857912 408734
528697 869576
660209 622166
376852 836471
314678 799037
138656 974213
886626 612169
13401 433497
744162 44149
744036 94685
749440 794742
92993 132901
690778 640616
762958 47539
35868 487177
336940 985485
823648 303276
939136 766655
870062 490625
571300 482884
629675 880544
722645 883459
430118 270229
276130 71371
524382 29270
965164 906395
458634 284091
834879 978822
617679 549385
975696 59813
775324 96570
483509 939243
443782 54621
671989 256436
567463 653680
820935 240808
397946 169013
588538 70891
785351 200583
493649 581468
790504 327636
19169 521109
923171 212542
188986 408924
339821 35409
659538 526673
94684 684201
229958 741316
857112 785847
233150 906302
176382 90093
77138 934757
714916 522808
804815 667133
193317 368259
437395 292265
341828 600799
555771 141866
698478 802585
100858 526210
451719 593006
86456 155764
763767 465981
946198 601711
114527 44582
385501 350559
973422 448614
384655 335573
858090 241807
368156 203281
81596 7995
678832 733610
843614 677706
541237 874148
62522 986670
602913 277375
487629 918173
181519 151725
149460 573784
569860 149891
370702 154096
503498 159302
688596 19928
322688 418377
659242 801501
510749 258809
438179 183424
570234 212375
609457 261453
183476 591494
301935 188382
421465 464978
709274 171017
435020 109563
766276 894065
258838 429853
213886 48035
18070 954093
346585 776053
380459 593077
544034 454069
543745 789734
231091 851515
120212 470293
259686 78988
408223 697625
340114 628133
631690 792815
421939 683221
474540 680067
635836 115762
427741 177432
770409 1791
136716 656475
473219 493113
386732 125178
614527 430462
658923 610161
978619 883104
98172 411145
42601 154677
916169 849220
86498 940501
155222 606940
247394 357136
162976 256435
491990 256533
699627 43931
2513 583107
601295 314827
648859 364081
631958 892170
11367 945694
974126 829530
406208 308627
663836 575190
281549 784240
564139 38419
6049 133732
432845 602
675577 930839
629536 273013
505526 613237
173431 898789
812504 773759
903029 141293
343984 698076
960470 416902
973084 681349
698651 535589
476773 49799
230095 683254
401706 707493
759588 798577
602336 653595
864215 59019
480885 242015
522030 712919
842205 662545
107126 369582
826100 239997
214295 339248
153807 191316
442316 825649
413985 772718
763567 352573
961144 377928
649580 959668
84665 594093
188068 496782
135537 764922
315825 14149
207084 694399
616487 794470
667405 584640
407276 23284
134055 264558
535140 310791
182629 862578
916548 971478
126700 216649
914264 18349
680259 372009
817824 491523
293644 222897
883007 467024
164849 823608
319944 963567
369529 572003
877480 431859
240090 586709
749115 178037
369344 577822
294088 474903
65394 97226
745577 287817
465301 615905
157988 220726
252035 346217
942597 381759
271997 996877
806934 374791
49047 332703
242709 405895
221516 524099
962785 756420
674797 1676
883453 455677
582458 731018
297494 764199
96870 38142
450681 1740
233182 888521
594962 639169
583531 476317
341964 787967
90787 699579
190536 167984
485108 294282
819712 475414
868897 880001
782272 202115
930549 891800
720898 66817
318577 130921
71083 138099
362496 439506
672512 646134
867419 605568
271682 658260
802909 889082
43802 300214
316535 770842
401122 812269
969142 269987
75197 14241
731602 67202
201674 827681
53712 695415
887603 94900
176001 3644
870117 871127
961216 294504
129691 721358
306061 797869
514335 968117
846146 727582
924232 519447
569322 470803
732931 947162
661662 549320
169818 880201
898468 549725
881170 991717
718847 369844
932595 940727
230977 268320
922355 388751
249190 248614
598272 505471
504057 85655
576618 497158
73616 411264
104016 789786
813085 499022
839135 580357
475605 848990
78190 402627
765417 1208
894768 91979
237729 770932
209708 114720
516243 140064
644054 578488
662544 939872
16912 209862
544686 230957
54017 967979
82102 944302
275534 360145
265018 379729
27107 556232
429590 780013
176281 330027
961620 341872
96726 823637
724876 384884
171618 95399
723701 395933
249199 797438
699943 823739
385656 345013
855041 805373
547005 511066
348646 849473
789174 868591
658004 539131
668938 897396
885558 991610
318397 682315
104014 121325
578386 57577
897274 674169
771716 739417
165214 935308
297478 117399
869501 104359
111795 979575
697387 676691
541470 410761
336414 323143
25867 882935
474524 722156
160447 86162
606427 219280
496117 209860
179792 149349
208083 662357
829663 825736
966274 903048
760255 12455
431497 955190
863518 129895
253743 820163
315081 323078
335950 789755
826217 727407
884609 961980
292772 310619
313125 12140
713805 50744
713339 671651
672042 636878
298918 473193
465985 649177
412542 631046
423616 351806
946917 408308
89666 881905
687242 899364
464244 919013
146847 608007
663938 655884
292604 349305
278056 98827
425494 531488
888713 206105
653283 602823
17897 610877
174941 705198
459096 396177
388338 635591
755231 25910
129235 510354
537781 512378
969598 126136
662190 376141
542288 374996
525322 720876
582636 591862
447062 234937
931278 515023
465701 101918
253053 60203
977588 774297
826857 822586
523325 129778
969143 790511
352063 952767
909623 88054
938971 379920
899712 927917
901089 542842
530474 415644
418183 281252
439795 692189
124522 695660
959764 149379
536007 7196
268090 892176
469057 351709
592769 945531
949876 739848
768301 185343
399311 432791
96362 545642
498031 497143
292218 847354
745002 562186
206973 975052
962210 248187
780666 392326
275438 706769
855193 114911
144609 421474
371405 502412
448255 102770
724708 538063
537265 981918
518605 752955
114393 281369
575500 192005
897492 373563
138818 919682
826829 622802
402933 953325
957611 799915
9461 937734
306701 504945
128754 331054
625120 544277
781082 122497
802246 681361
447894 963269
61028 395114
913463 777958
67618 421778
746731 288664
693750 82525
656847 763506
932623 235805
624777 694945
579937 147702
18196 212121
580159 729510
36391 40037
37205 121438
754190 313002
946587 971803
286678 110659
157879 363975
133802 49147
562392 513675
123209 445965
641121 687789
456222 393385
70290 896701
467836 420306
360682 472553
224579 447401
874712 29542
392164 198433
52551 921428
193624 664939
19522 198773
254046 883877
308651 648537
300956 631293
997950 726599
631066 978693
916955 457955
204448 120040
623226 322703
752940 24701
383692 281205
212856 482339
427166 246160
4297 203106
863936 975724
218705 533085
203796 15960
912452 367774
579579 61445
383410 315287
240477 260669
129828 710180
475440 231799
921981 128548
372340 367260
433834 455707
78947 198263
939921 100179
934413 406769
51888 527120
198693 906391
777692 642040
236246 243586
334131 405148
589818 329929
479247 410214
619764 699075
875889 703949
872180 672203
749315 150910
838035 662812
151798 825006
692486 725295
31829 303676
195380 743982
621273 588312
482798 69641
680921 342051
254744 197766
171463 941084
207014 845938
502083 488796
529508 460991
989594 620103
294743 413130
363224 49369
742768 953651
278938 793170
918329 402799
853164 484833
19422 556334
700567 173403
501287 350406
64890 946353
578760 435900
774581 638814
445143 912478
699948 526085
220950 561861
236082 784025
849050 240521
186229 634883
983255 214776
896253 401107
882549 820825
308801 430678
408904 278258
97682 122986
633982 230295
681197 873479
60912 391007
731727 929269
965711 595335
714980 133418
179559 59019
796271 242056
387465 183208
393161 320275
120859 601369
47772 243918
500099 960739
291688 569921
826069 911248
714206 646401
352088 549328
727629 44663
877071 527197
947450 552129
538261 593338
715808 975282
263944 484846
458514 650467
788429 345691
155450 811036
105800 465068
145263 781158
283268 762436
455208 196890
825125 610599
200804 79537
629446 192040
552240 881913
268278 904878
665966 819337
485488 943476
464468 648591
315752 801045
361313 572005
731805 980844
523791 313294
578202 819776
547902 86215
657318 902100
974679 247112
9558 17799
525430 522650
495330 394288
806986 206896
871113 217933
784296 299144
206372 58899
931447 347002
256924 699235
627611 8417
716225 259362
77855 425873
527871 591445
96004 954338
109413 573577
875208 320832
674598 934520
316177 888739
702885 582538
784939 341472
728914 696739
69882 879948
256412 3825
197160 275464
49407 698739
285624 38103
810657 778614
480478 83585
971834 156948
647593 260920
185101 379498
182001 987040
170683 632624
973470 728599
562784 950740
764247 329971
971480 529877
846785 803087
546732 827732
951128 344701
178554 736124
706714 994183
432735 873128
503846 75813
550182 223162
683415 122869
725085 74313
972085 684420
71199 584799
113907 338017
860296 21664
839071 587445
318473 713775
802979 395179
87724 737044
160183 654756
833120 953050
602652 523605
494556 443124
178384 184658
404381 925604
4708 593150
459037 19036
751795 979872
853477 962390
769326 76514
245283 718346
474403 629485
825851 637114
560588 475960
137740 309099
313480 474088
417852 94347
564211 815777
582549 928108
742103 296050
15214 453038
110449 623914
511327 934282
934402 255587
622578 658482
7932 239184
919710 663715
571749 998907
478653 329179
661248 902788
524974 852782
722772 484780
686432 175597
72425 678910
583590 95348
268296 369884
559887 110960
859402 748359
994707 372200
42307 290440
103949 628415
853505 731730
843022 133435
517140 167053
537473 337759
225911 464405
648632 227942
173872 763419
799588 94140
109634 529581
911897 615039
406313 990377
762592 543436
287295 214456
860841 683226
370941 422577
687278 671812
690241 15538
338532 890200
760476 563398
576307 472212
896908 551434
772208 632034
991559 1504
493422 333632
51436 377887
231238 659706
828790 433388
823923 273787
332133 144362
55814 266962
310496 247645
77931 668288
202840 107251
312840 830088
501196 790946
599227 985760
381771 395896
585411 320697
920075 423775
298441 102652
758614 706780
31681 398401
558208 522025
398130 388593
501084 134043
182285 677737
112881 184596
199122 416476
785388 14132
337930 102363
266960 696059
478732 22619
528615 503482
711668 671724
272444 144780
964647 556164
697241 946883
515522 272109
330368 81377
133746 966301
826729 919695
119752 812958
171180 657977
652072 40190
478310 148508
403784 473838
900845 551446
757936 870173
827459 617005
785486 538655
853998 416868
499565 908772
634046 288210
358121 82582
347802 168518
59079 628290
218806 827448
166677 475493
557126 381803
824669 948446
929811 400057
243119 669806
130095 625235
612652 811271
592806 556038
485135 501363
101481 358297
732507 572668
596291 70343
984807 721782
391023 266959
39211 622205
735884 25103
831960 563015
452825 16960
860894 893080
457428 31759
485181 887313
147455 138704
644324 243218
833570 835173
935087 319050
964438 598353
396227 576172
9664 86565
952684 392932
265573 884715
400998 758970
480028 460334
954409 372725
49899 311560
543332 674766
278804 423530
942830 475870
159193 289613
104617 842760
769645 261031
177404 150817
544721 400667
398579 137179
677933 482026
800557 882043
312027 347640
777709 36043
794552 338134
119907 771392
245473 20458
514992 668062
169148 189064
881955 151730
607185 694235
534090 257947
199804 362191
595114 244086
991177 539374
429705 947985
523916 272953
538913 978533
234540 945581
188476 463444
710563 887421
517794 737252
385436 764857
143164 355162
661024 656017
625471 442627
380797 630290
274656 662979
390127 829563
935437 176364
459645 25748
707982 186415
434055 239797
729053 799047
197093 801667
527721 356160
747826 55098
620672 251354
242142 702100
699372 312772
720045 991389
964881 483648
605023 747630
135890 507721
650275 254727
188170 524831
728140 118922
11884 614431
150032 882341
73286 121648
418224 447187
333609 830831
502162 590712
779815 664492
3147 194793
108587 652396
393449 215167
419901 758748
240540 674067
544164 332990
992925 567829
758169 162497
597258 823091
77272 898917
176504 176296
151975 359539
245064 652903
647071 902424
303076 694695
962209 355315
192327 781112
811325 728835
530574 616955
681148 565738
882636 844791
175864 213834
587307 821967
148467 952565
301843 410762
181983 193265
93923 884258
316487 618159
344787 812803
181437 596709
105011 812682
361818 36535
441839 311602
602637 346979
776607 897074
345221 790753
133824 751504
786478 555148
610310 43246
989964 98234
316404 661261
668819 599503
522036 484982
788326 432755
540020 406132
324656 286152
477735 916326
920311 919762
371331 730007
450211 940943
937626 206989
638421 273494
309238 531684
242874 196897
985227 433603
510869 999134
480956 913085
109398 120951
467750 753191
848631 529194
495404 287250
788111 609249
992254 455301
639000 769740
160759 552084
204610 5878
573069 532970
413561 981533
343438 400085
452124 857561
982523 528136
418957 111567
597642 58219
517626 615417
170896 876657
655226 579804
93338 33048
292379 664861
388150 319765
593957 501130
772770 276484
943024 830631
165138 607194
560025 537136
428340 322468
498912 878797
81375 390466
10420 382243
659856 845225
117223 771670
266605 476514
552031 335784
985206 966120
871076 955936
157259 732271
477576 126310
106465 667315
604384 274663
447841 663927
864948 165989
54434 521793
943653 612418
951272 146649
352499 767341
472597 447074
301936 920471
139058 154228
167660 536111
926982 787859
345509 912832
23060 640907
678833 928344
616538 511319
49650 855357
44618 142091
757049 191308
684033 852781
726695 379679
900941 497846
240497 737971
894836 319623
513653 596292
469274 322617
475689 464639
240703 955859
71431 341153
730193 247696
167581 145767
800502 987317
804051 705745
338105 285513
184410 589041
222844 519484
609528 241869
776576 397937
804286 740168
432278 756653
791602 566534
196625 382345
557094 473838
889449 524325
603020 819692
28217 327551
166378 966159
554957 5809
331073 618974
136037 397251
943982 308117
33164 752188
11907 802176
201423 527676
365348 90514
89196 118593
144941 906562
806886 549607
142347 749648
329982 784337
874125 620919
973251 57487
828827 914579
255033 173363
297498 517912
905973 481274
756649 878079
966099 233920
126831 298378
183031 57270
898179 38590
789380 711890
712321 473251
347807 982922
190418 537335
365531 944007
205973 230046
777503 240700
336491 411503
826653 498960
875503 508932
768418 648605
363885 885480
355469 714007
341985 718635
259170 446512
817687 763833
731774 176868
127668 387976
627495 713319
898223 486071
261807 149071
230950 120672
926296 417891
948465 494563
126762 478294
877879 420394
866050 543840
587956 786305
43405 234346
779009 337090
528125 18431
421255 89037
130500 862428
502982 413485
797967 373847
432871 294790
345820 570303
418114 840557
129600 134253
921195 97350
2053 42630
398505 542752
571747 860208
785369 456235
348141 275368
913533 984496
357400 573678
862843 343740
617730 239593
65389 682250
231079 339407
43651 536334
830956 275188
359611 591721
363383 642268
836229 167455
732207 37579
239118 991546
82280 520440
916351 668136
912200 679349
332674 555351
955579 334631
186152 328237
192906 870669
566511 312621
851972 925439
761281 85427
161547 176025
233027 723080
438652 34568
71947 428518
62302 769047
759218 846161
719950 90238
44028 675986
232953 442056
680595 484307
995504 782885
955291 372248
987627 568760
534294 806362
144676 129507
509516 37303
952963 987669
523785 513506
683414 11436
634553 36504
877722 592789
431368 138278
194995 447163
710344 472067
517648 261635
23912 516262
735667 201535
902061 335966
500884 995215
953768 247096
881585 450521
260947 113820
82380 652644
95783 679368
495332 603273
214277 200210
521731 734444
444843 115127
909572 61681
774171 906190
587214 521069
132823 620428
46378 865043
10789 706597
261958 845618
309856 768129
269841 648506
432834 7781
424049 235683
635735 435873
176997 70712
457773 850621
489784 954388
246888 656709
321668 11370
979804 442877
160564 932380
972375 468908
29250 919308
711001 419630
778892 512734
245211 955810
337337 217023
682300 179415
322008 348295
415398 464466
668930 32493
791702 205920
357758 46981
46045 420713
767674 508196
172267 212086
574379 184476
115453 33809
430621 744806
875473 590186
812266 209
648988 623939
526176 956673
343173 874130
396066 75537
957021 717797
354401 88974
289307 523232
112182 978271
728277 415427
304274 675821
994352 531172
539607 990956
770574 296392
954575 188050
122091 365420
999416 458898
104527 362710
436974 134517
308651 277905
799051 362231
944819 348878
32325 240802
657543 942218
184000 614416
273458 23279
667678 711359
453071 580052
232693 27705
389678 459510
620467 300888
527857 79342
165734 643264
885107 676236
94422 912323
70701 259912
606333 709130
872485 681864
961841 636320
516976 822421
403374 588161
512080 402526
530518 501425
145327 61236
5790 440871
17503 650579
155265 385596
435655 234577
421155 435417
477580 349809
764979 661899
803063 753900
327851 456477
772895 94853
531610 861189
812141 496953
80014 27240
234683 802244
482293 232066
749322 307064
233342 830155
262918 376686
358737 960169
864056 590595
118400 507666
723287 693383
717215 723237
393791 890088
777807 915499
360397 250442
413790 250511
863553 80274
192415 24638
728624 560055
251801 177435
784573 902871
684807 623921
270851 255712
839352 770110
105829 785425
416160 744117
193359 282706
895135 534302
406470 993120
229758 972195
55402 512433
552053 565004
726005 931572
500263 652511
31248 826495
329637 935835
127510 958649
928478 132094
442335 652850
962472 233695
840704 448600
826694 224171
783583 365207
278023 849659
85158 754575
178681 543772
392713 972790
146390 402935
829142 87535
519408 259164
898343 827495
396356 885259
452712 725991
122674 209885
131902 791221
648342 503304
55285 319089
753478 169747
888911 789290
980410 207001
412709 465893
191648 173416
985292 510847
748015 228340
969392 36847
976389 232419
351619 324644
24646 602553
96249 620588
312678 619094
958520 567544
211635 91016
606596 993178
433180 746179
735652 415645
821571 409014
873044 716281
955161 428358
573657 351863
965858 492205
488472 589832
816554 479576
668449 85510
986859 377105
264492 170159
934277 518581
85173 965406
269193 496655
874022 139365
483950 495393
751831 239936
687870 967284
165232 370463
634524 376904
239707 519848
152632 795813
412678 736370
251548 362001
203323 975395
978213 891648
820495 162223
659009 423183
589679 849439
48359 422444
776562 502014
144901 886122
383157 599671
850014 338170
443795 37604
254228 413563
929661 225251
602059 572184
12101 518929
682644 602074
660748 417755
601410 111796
845455 475466
836833 265442
924151 472664
433956 372026
901684 944666
678899 837328
779368 169187
152258 881988
838256 650722
105350 121902
630698 860982
377126 634180
203856 252022
196808 286573
557295 59763
441473 934515
75704 424559
509379 926554
10659 173001
242984 778888
404811 770224
352058 263024
326142 151504
848494 372471
390912 164323
874908 88799
447538 559709
809360 951979
104081 107100
280592 62046
182431 905290
401315 781222
659507 378856
686814 27038
724 308671
837939 273839
263964 30654
437456 972559
614251 416902
720741 164671
934393 923557
815095 867939
205066 284024
462252 62424
949171 264721
984137 343494
663413 378149
254685 788970
446147 477667
351231 415621
546400 484126
935180 944498
631492 241620
226254 461472
479669 726949
100243 95908
961524 557385
668612 412819
725336 846620
211253 805827
924841 926634
181360 814899
340936 46243
63196 420694
510237 121301
457465 93172
303743 448404
607806 867790
70400 933671
764363 307217
260655 363110
41461 497159
386019 111990
611462 313742
921404 405168
657936 532082
285093 922314
29553 846329
595098 815502
233071 879883
549950 294427
640083 848602
622041 905364
279683 548881
724263 236855
182301 575869
554397 629018
647897 443049
578092 571467
222563 302153
814138 334628
933131 102750
374933 386578
278229 413804
149358 484428
675617 991839
784949 905948
978891 599372
965181 520377
330150 106096
488077 474946
210475 130870
787988 622352
59238 934080
505854 153387
271208 879642
72339 51047
318650 323288
287048 291619
954254 11302
857689 26749
86218 728641
378443 69754
511477 660503
350805 55204
823927 303280
995605 830916
254854 161175
838609 615615
649825 79370
439616 29008
817782 381867
112349 511218
479326 270347
698270 344609
124585 237885
153146 993052
614757 457919
196229 861986
537581 300869
892931 902670
486452 153408
712326 551804
746572 968209
570520 291058
85392 18286
25556 825768
653348 524552
405807 771703
634873 290631
28580 215224
671453 931610
577314 754604
327565 56976
170665 805376
447186 316201
18381 595848
543179 969599
368680 986353
903592 583044
254665 808
254826 290294
476782 227176
174341 157178
573505 341984
406260 845943
663445 100333
162677 20397
954819 708549
651595 192189
732618 364359
256478 983107
65502 777502
979019 410575
843752 698069
440699 790269
45711 823683
642742 195477
689175 837211
907241 397654
686989 764876
195606 172093
260256 179097
112297 792025
11285 784846
912206 674409
858115 514279
134742 335682
932565 432312
519445 948321
105843 198111
11347 237111
127901 841166
876957 580464
322434 414718
780202 843799
724782 396912
821645 322699
366809 734091
728233 699428
564201 205457
371989 867625
419685 301806
471582 73058
587415 826040
977941 92852
311638 879783
698636 272925
354056 594475
207964 352628
35050 946319
867707 880611
524940 278354
663426 477182
574633 113057
748207 196014
95732 529517
298641 91641
766807 706416
46087 816095
223685 753393
929232 17626
95755 669055
162232 740304
899673 70864
923636 509410
816179 298993
337999 508665
116731 830491
979874 680635
662723 396890
590309 215214
21371 674802
302481 537170
475252 622644
149427 504860
867154 134419
482992 376050
716411 859801
269313 989106
106917 59339
25739 237215
988096 258585
358797 71287
28842 686865
229832 706686
25827 600142
471226 800728
286720 359118
375689 20803
902362 535969
239947 527922
261849 347409
699347 460815
765855 906441
738324 153401
91394 468744
709096 82131
696598 439403
788141 579224
371460 901600
702782 39439
883806 185335
465506 263000
960388 892267
210426 701813
420552 116095
849710 259236
814059 741345
478570 701903
99262 732002
78247 433166
547258 509548
633885 210626
549510 946762
78401 500054
670631 518692
48067 881426
640039 30926
537786 299887
522614 211596
867989 747658
422721 492788
665490 696488
783812 740910
118971 101808
141907 73080
670425 732497
35731 615470
640897 278907
960482 651382
809444 778640
559775 592181
748560 486134
491966 405030
837239 559008
32495 162431
664557 459457
724708 278161
797188 375400
608190 112923
237663 978359
503016 302232
583287 24760
215847 479675
590403 816932
226734 622163
883854 498016
121575 38159
33083 604528
426383 336048
444344 164768
670066 163931
658370 259682
923624 347177
48572 154942
764817 237902
103200 610091
706582 786387
670937 98511
66251 841087
73946 659336
692782 497017
72431 104470
813007 293852
351998 703128
207899 7541
854716 707562
423375 711235
155002 792415
634262 758371
201498 604743
161220 316330
793923 173420
907217 460138
368620 142628
540264 830991
818693 635052
486918 949447
650792 793384
833354 291406
875714 81685
938168 28671
126788 804866
300762 319194
733664 637766
949823 832716
726085 460632
311740 230942
903165 851857
163896 859406
228268 215913
308341 223331
220237 17099
529928 99940
483458 606336
10017 189313
823041 709362
673583 416694
939378 970703
258790 173496
577453 612399
568123 238528
167498 120775
669187 401294
714642 443242
630068 402483
330247 362924
926586 888847
12582 24441
612927 378248
938215 312053
464476 901435
640479 876774
820282 78804
282262 353582
113443 177746
752570 79063
923456 660327
143924 496136
538316 724258
518038 201329
256454 80810
13644 179101
217763 693223
752702 83012
835225 135849
397264 884606
948093 925929
428723 631176
764007 743890
76255 210480
456329 586485
237146 82662
304585 939171
635676 392448
96217 451113
614711 446177
981101 809494
868242 421032
596079 394144
877713 705900
776628 140034
847511 954974
16194 529818
720998 307137
382461 618563
626362 771812
362990 641498
751142 310842
876211 819581
659202 740750
801560 873189
443207 245404
828826 552374
560756 210763
67242 251622
79377 555169
588025 917771
297612 513406
752793 668756
305427 124004
715579 878614
394731 296475
568505 413284
30937 939874
785980 74383
296203 636195
262908 73755
546803 656166
530463 697780
345254 334189
245867 304805
239641 897210
419430 1033
39929 91500
492436 383642
194855 769372
422117 511447
52258 181269
937147 621396
914160 507156
598072 866908
142241 926930
571356 328997
159330 342587
759327 349902
158493 970073
739039 33142
852047 201775
364083 122690
931750 193514
330521 546479
552547 315702
390648 242187
245926 758978
576191 206735
485575 619277
336206 851504
921920 307783
25099 188028
66604 3496
723125 290766
881013 240954
463885 926627
179659 324657
59629 341217
953136 102700
908794 255054
550483 698738
50591 159441
178415 73475
465444 509553
282126 78411
894957 547543
457975 420695
532633 27038
749511 755497
106219 444568
11407 670366
573030 164721
695594 359805
510775 221371
417641 707043
724448 155436
555955 226310
457493 737481
355143 413795
207044 327677
222272 303480
767181 316394
639446 57025
299458 164704
566866 575718
170078 418620
230078 353557
37113 425764
999557 827365
894012 893545
327509 759914
854933 626409
164701 425949
720648 238928
48066 534979
263585 942989
1274 42331
992702 655378
595116 787872
162767 705277
37395 341881
850352 914092
829759 967384
792840 768923
733987 626659
68056 313755
374883 138328
28095 488639
729074 750888
864726 129738
795121 200583
304162 59740
825005 368580
855295 984751
498930 60647
388631 298716
219863 172376
541092 621756
803983 866854
190845 219494
289959 180749
21999 253710
697689 730666
626177 220665
400524 936513
576913 489752
381852 451138
94126 859074
594505 136457
735850 782376
1424 7618
674786 498318
25214 398119
804051 427508
364884 617818
62641 576833
34021 656444
610929 157261
906149 169662
597108 396113
693432 776816
776006 749071
578152 744196
921651 492650
960526 894933
225742 844264
526605 107252
617126 106758
343920 255589
315674 561888
877929 215771
1326 399000
420010 915633
338496 668025
794615 10112
749265 23077
752588 902918
952646 95236
316315 805478
113904 175891
526477 954774
26515 137522
356778 910158
466247 802497
114069 32358
440734 245120
537406 249817
63168 929188
745937 922729
76010 654895
144222 204778
673431 804785
252532 28330
324631 553409
780372 612226
835413 47451
628043 65333
397939 732056
63095 792692
660536 118565
791275 580930
973588 607592
451977 441233
368518 618926
522554 584387
468375 621411
225132 365795
977353 990515
8577 528951
475624 40632
511208 350711
161830 764577
843781 447690
10256 598829
334566 27922
762633 319803
379565 138248
952337 880897
752393 716719
991085 943855
443567 501473
687326 921709
409717 328000
707104 975904
679290 969522
281495 844359
750319 246995
783141 956489
782192 715384
238614 526033
678111 358105
236487 88713
712249 138726
676836 501102
870964 543795
887109 808024
242389 133104
694138 212691
214052 227742
137517 777405
509376 553254
113375 122557
337777 485374
980338 742067
587079 441982
776 673587
55255 458093
37122 644446
131371 615113
272176 676027
102625 885153
282489 375890
267931 386039
499539 826709
609622 938196
70114 684050
864903 439364
909329 267519
299722 475948
739055 227291
8957 612351
207384 581037
926262 7011
505055 457429
186988 83907
621736 909146
537199 723888
932202 509913
264519 976874
162235 472285
207605 840189
330601 225350
112190 495656
870107 695062
799805 984060
692924 910776
323333 44664
433879 657301
479691 69670
926835 948193
56499 547828
534747 582263
324435 962536
868348 84879
323365 48088
330210 993807
905550 683843
987919 561852
943515 395332
243574 308159
703406 491587
669485 599726
621586 597188
675386 355509
729035 810997
666512 122356
192874 943477
13340 499653
78363 897476
706591 228864
645317 252855
494864 968264
259184 687248
678348 372203
636497 947142
661549 697428
758151 824097
260582 498552
492990 502489
573754 6973
531746 205673
541521 767344
595458 381753
401789 548832
910127 626858
918125 608325
46592 773900
352831 889517
364714 723340
996449 416887
766570 13794
728889 243592
710853 240168
337705 330660
81432 451839
961323 70600
912380 890427
107866 400513
711954 471934
954881 55835
150054 167911
887666 429926
663186 861882
492660 313318
940738 421269
207575 384354
953981 653078
841659 278653
446846 130780
782926 602726
946524 263236
621322 918897
238436 568732
766056 303960
309062 984026
179046 904450
393234 840539
50626 244938
527826 743666
676607 285724
673930 173818
162129 48896
453936 24260
287633 415384
656696 762009
790111 228058
18421 805228
740792 656200
742889 312577
3756 486364
127339 340138
243031 901361
773402 162496
133841 961802
522491 239426
187718 46401
552762 414438
509567 848309
782349 198401
477288 543388
449130 435504
482422 969622
901070 131827
676167 306172
65265 48919
748369 364068
426219 246266
396996 156121
857155 314076
202099 596360
768405 813695
638166 859486
944682 738217
445965 802723
579697 996504
208575 506893
123067 827374
300970 791300
125541 576561
933266 127682
578387 562241
501055 460599
131125 405542
876037 49299
335929 28606
482516 710022
72647 439251
217695 931450
812814 859479
959931 725317
579419 770805
927134 220639
246138 255744
219191 57611
548453 126891
782899 507083
222564 570877
443252 961602
561664 67416
476743 269891
517211 132733
796960 123526
950130 313199
604557 319666
581801 310079
483378 841066
44246 922030
605934 248145
425570 605695
969937 897308
562720 545510
206202 876068
396015 494923
228220 82531
150646 367975
104462 463876
10600 659758
133750 861878
244004 989846
305786 439252
530433 170768
524406 143034
212190 566430
749630 640032
448973 236521
918147 366807
689623 33453
918453 72291
43398 395634
36566 771047
795959 753282
940738 866742
17131 526903
552010 770111
77044 448413
385167 215293
303652 354374
752252 334868
502951 22905
133146 688409
867624 327986
876753 838674
983596 175223
447348 335013
615687 94901
289605 823718
501574 174285
649198 434403
873385 51248
658043 938132
268715 640102
129893 545894
105092 673628
833776 426245
914004 999391
129119 714079
689176 753476
54289 735110
220018 930421
472 454186
257579 189950
814805 606946
465543 142232
642430 156370
522656 133494
121643 550771
612260 60619
759007 760860
812406 396521
535310 540424
258865 582410
870470 709560
251487 617641
730572 730204
890183 885103
917699 389028
120385 540407
7713 897363
295986 383329
861003 767018
975493 250747
559618 790489
50860 713103
391002 927433
140140 609204
203536 810267
221730 36338
23496 253278
58445 781817
742840 242136
727556 914558
426740 448579
974698 560705
57594 522842
243406 710177
281340 769427
859521 180667
911369 65247
994884 703544
271284 843547
461180 784723
840797 675153
12792 890802
745288 422828
626712 911124
612406 24329
678785 746202
833940 474193
26037 415137
244635 70481
514932 243114
68916 683088
523846 343372
844532 690819
470185 179775
164026 847915
579154 278870
879285 98171
191619 676577
26086 583631
525757 881692
946871 30318
604237 679797
411217 618508
471587 988577
89851 570921
414829 570798
478338 843926
414531 69944
956108 906150
840004 721507
891392 525991
746870 91826
784836 728796
916438 348649
18089 200426
702394 696769
635378 452261
336707 492551
278398 252886
598437 114336
70964 147668
483824 714702
700381 657264
706565 194232
275122 701040
880419 412714
727710 620487
494152 931580
104092 290744
90032 164476
307850 549037
289568 758360
517070 534105
841492 544794
249092 501300
241920 636632
146943 327249
885821 371610
134277 82810
237535 24483
179223 956571
560335 771559
510603 86582
846601 268889
862465 759831
890889 562610
733655 320999
803241 52372
380211 146641
435779 722187
311082 407413
15500 953734
497592 496464
21919 960571
365032 310173
444288 998704
669544 613352
767508 143761
269528 978234
317422 819500
276903 604646
323840 125178
672743 519874
932665 596330
640235 951147
277168 407772
687457 317511
75653 64803
610814 293246
491130 165702
29918 564262
541797 313761
678203 587779
399537 674712
336519 165087
765378 655217
157235 509632
23700 957192
231194 931585
366483 234048
730127 645001
143225 86078
951333 163477
273154 471914
708626 182700
123914 420886
813097 636155
906706 40889
5425 717502
696254 388998
342285 118750
74686 913542
717269 121468
383114 609196
665234 451330
670205 593206
86063 483790
917628 918943
637539 835168
217419 522052
274373 530205
336611 813972
744195 315603
144423 927696
231015 191668
946355 459890
706641 913538
517122 853418
94578 483249
537046 177822
370284 476806
595312 395145
246879 455911
637060 924857
720287 442675
956902 99574
812235 984368
747916 610246
844326 554378
63411 480812
2581 666971
933397 260826
363062 448648
296891 8814
585894 835919
720677 943959
408890 695017
575135 572129
953287 376456
568991 80123
510146 158568
767252 134388
666647 835308
706391 670510
498095 33297
780929 366751
224172 682312
664887 197836
542752 105738
659774 62758
827299 681538
276409 250117
738088 857137
866117 788069
917753 136224
508870 554537
374174 568056
112354 260872
943509 92311
483623 238321
644418 156269
121054 541349
389510 101862
310993 538122
734024 930527
62208 759844
220666 257570
627596 909837
37491 356166
926219 613086
497507 986337
868122 118131
627360 825903
545511 491835
250946 22828
383624 685914
246401 77877
5110 474055
874811 906925
546918 202101
880412 808936
719991 810070
185533 899331
931221 836722
268855 92245
957928 821507
983548 459550
684500 300461
310034 426273
56185 194546
504742 333706
911767 717892
132803 902180
824801 901281
458231 314831
711588 980979
583975 794031
55409 432765
306771 226274
989643 679864
27033 529367
831625 571135
591156 32980
161699 488545
564641 413705
307986 743195
924473 263097
941916 665639
782234 233364
76096 67242
819717 395281
974697 178830
332596 669952
100009 697543
943671 885228
563408 676965
879423 905329
425441 477342
691260 454099
81400 927672
440192 631371
233833 350554
206908 216620
12652 282503
595387 190327
843793 184489
513038 741569
432719 458469
4051 997261
586161 560659
349488 394587
724922 785995
987059 714284
232525 95860
977884 226920
532616 958216
996913 357537
704005 842458
956028 564402
316408 979947
12388 744148
656048 974103
940455 725255
194853 871826
399230 387483
281784 750262
336495 662865
576603 230803
429199 144140
617116 637585
168911 919062
383314 889750
784655 928737
378925 260926
307002 592427
399499 53117
956921 753238
43108 506730
825000 563409
958432 46220
549434 150042
558179 998905
172084 688240
743767 674781
998580 893074
947964 931686
167915 828005
338404 544083
959270 37173
834055 940642
396151 994218
101686 319381
634061 669665
58034 346184
347587 251374
75548 837267
846521 512689
364671 59099
460966 741060
875268 662260
373301 952593
818360 235807
173686 726542
815086 263735
376920 92551
862398 783584
969015 711180
360025 824566
97592 511919
137152 611862
211372 139956
169038 988677
214663 652118
173939 459601
269036 74221
317471 616858
272723 900665
480467 293878
58804 417912
238699 95648
803760 365848
897797 53467
817124 875015
496590 757170
160115 701876
735124 278082
575404 992178
97430 501782
200547 205992
526172 899886
281055 248963
545655 720718
392792 196630
697069 313105
828747 707286
583084 650768
729979 820779
169683 13838
617054 525719
276314 586085
160070 551207
727975 571518
853387 566330
444602 428545
971639 577454
580684 602751
491811 204706
384252 471561
866105 124718
8519 63740
620439 558578
106878 117715
154905 97216
862825 677517
913096 355430
460597 387544
836938 501149
392276 31546
498039 199622
247048 9955
653612 560555
128239 137884
747041 781866
574058 830955
923221 650645
752860 198729
754402 663295
744809 178955
123866 222960
104263 172333
632450 729400
739626 532722
536778 598208
979096 241743
239510 332092
724661 686999
475421 462815
621704 386932
533768 336163
179850 268375
794228 735170
993829 215791
255922 866106
258618 89857
187233 289390
261381 917026
540225 426416
78354 643111
874808 580086
420034 212588
145899 392829
715628 470
754841 199341
780965 402210
676691 447430
926289 526109
854935 954273
454523 592597
573511 36516
702181 219059
526819 872262
476691 576360
449612 520601
435714 167158
459387 205271
760230 544375
786048 813403
471679 864248
251795 371059
439770 157273
307224 470399
917133 26435
593941 832481
244357 939204
185243 185876
584551 150567
979197 648432
825716 913556
812269 584339
919971 782004
286247 254245
399356 665090
805457 349591
371938 316766
343428 609949
57057 957896
312701 293695
425436 935890
142923 236215
983051 681175
95201 382292
82596 892315
970048 910402
274670 411358
314017 423621
494702 981083
926504 824617
275663 272352
89730 398986
110698 923557
151747 926562
296274 809325
298925 614165
389737 432433
284862 827758
611713 611682
789075 707431
349871 598359
492524 490674
648286 608197
694845 723510
141528 594061
807732 439111
229936 982018
21418 528274
716715 585621
14921 33291
736303 944231
902748 739003
949167 123630
988385 759963
67098 113601
651669 487671
732219 596675
757593 533307
309091 668537
1585 460371
970499 139210
439211 552007
658396 549842
174814 562562
508619 692404
76053 590345
252731 265274
334814 509911
260726 609970
85114 138011
486733 240240
574723 141705
212126 581796
213194 232108
882251 36096
456982 369894
1628 800268
327275 134052
560270 39218
226795 959555
978796 521121
135315 497389
41869 863737
349782 781398
456780 526192
138457 896930
857356 369381
697140 900803
781756 426583
339738 431913
517817 183954
353655 114954
823511 848735
484960 422525
574642 438454
342455 986604
472812 912867
133530 671207
191632 310652
194338 853340
969038 91761
224544 288524
436578 456594
98147 753854
285307 301042
853475 597214
147670 622539
124650 757630
490298 818217
60171 878832
892082 626747
30311 452311
744394 447590
706674 47252
901787 457827
55090 751231
244668 462457
802846 399684
499328 306668
651942 182176
464061 855466
561039 126124
186795 382596
95193 448035
844092 90491
873053 902456
627975 769619
751309 163609
48087 804194
827748 998798
210311 170914
586978 619730
783283 836387
956400 661621
406563 768932
215714 481625
951460 900918
817276 578652
918801 974084
775170 965976
449702 525984
897978 856710
484701 665660
821820 758054
750796 2969
466923 896436
384669 640387
25018 334637
563238 482077
309877 998786
35245 856707
601526 253485
588639 337124
465443 977923
354524 208910
480036 782394
659088 701096
843753 360737
684784 751725
157416 755593
598817 60344
134991 650702
553812 159585
935152 476625
885708 312447
676621 53357
972719 428809
556838 321701
237549 911785
601905 318324
629985 602794
759 154127
175222 396510
443848 39611
280272 435892
182149 158551
613589 457736
110555 473731
511681 760470
505093 65005
667373 862736
578567 497004
626805 245935
106236 565499
400786 222791
960327 930326
662125 241730
923369 388557
544442 351711
400944 645606
956412 14069
679610 720408
958248 454956
807623 874351
25689 141153
104757 404910
608837 543008
570956 150160
225660 268276
338293 709456
181511 119397
42145 585250
539290 230385
550793 926758
210203 102925
145338 943950
918401 316248
511278 133366
838528 867116
827253 350356
735404 745932
848652 917449
113177 43734
830588 485084
4739 862705
498098 379433
271436 778416
254291 314414
46780 573312
411553 241710
999392 158300
330039 684522
944587 895844
550431 703434
595889 535211
612583 168584
160300 916046
256900 477405
562104 500634
345828 752073
381920 498103
203945 76897
604207 253391
797872 272247
284312 324096
263540 249276
761888 783922
965769 996901
996507 473880
609108 865656
697926 940224
176537 403644
96972 466468
856010 239738
312607 901688
648336 988516
102490 770667
738954 370312
589976 498651
580858 249853
954034 707728
417185 8055
410724 10571
160155 640905
98003 835572
346634 741965
34669 766760
759359 678222
614925 65405
25925 978835
79997 159040
240808 503036
609765 109833
666825 201186
723388 71263
352770 648343
780199 170617
788233 704504
811266 82758
210291 524080
855906 594000
637441 390609
459657 58522
711388 401375
265537 399120
960256 982032
291439 779070
29796 695822
13514 782086
939193 400406
577646 45287
569480 372471
529864 399288
109597 187785
820106 997919
254645 278170
62036 540646
811611 272370
81144 771285
773833 672871
948896 517385
258773 831613
331632 236573
461786 303399
228465 911356
869920 713043
433339 934358
655986 38292
537120 507131
586169 917901
417016 923344
947550 394083
663460 655372
607932 798390
642365 819003
896405 406520
606907 425898
973478 426081
938740 386498
857633 857
991800 25072
873882 836068
303257 774989
689528 6085
312650 11077
657131 468866
155260 480049
183575 94714
340066 784082
140209 49031
855841 811414
496249 820373
857755 778168
703187 890728
637176 347307
881448 238595
109640 50190
942861 860273
222529 746026
588530 406126
946376 66623
68647 607075
404810 17326
604043 607050
793082 298146
130233 563844
422236 999138
115650 792515
223634 22420
400295 993852
972147 84349
603477 633974
115912 52671
878136 789162
835088 595976
494801 352123
418922 196553
768476 57324
497394 239555
291189 943601
568347 569969
235638 379971
811142 878517
67586 428520
603928 249255
922753 856987
933863 998145
128853 519740
150787 104917
768556 597075
181304 25974
673734 960042
68069 806267
91130 382350
289866 239227
731760 355484
817520 841324
379075 456244
557701 754427
695834 222236
28648 620250
707127 139595
847286 399550
915642 864146
100677 142516
782079 510780
817525 176681
329628 477385
194213 661035
204119 33370
823299 611372
407237 68833
155988 302979
522940 405491
423119 622499
922752 380979
335974 984371
379355 179874
995278 157327
385802 610839
57146 410735
552139 355479
943644 456972
781277 100740
561515 337866
521397 723981
977361 893709
544127 673712
656340 447687
343104 446544
977535 40148
385905 788800
827569 371906
129160 301828
497550 424287
596317 631712
47749 488150
131161 446787
285934 839921
112441 60214
510585 873335
182114 115072
515691 527873
411620 130952
868381 120962
880200 59451
455283 624957
854104 113997
719951 790711
657445 595535
96272 383923
970424 489865
434525 243970
49759 158225
934890 105025
84418 944859
445415 5222
765811 301968
107559 950770
743914 347055
788393 34765
616461 877149
12737 644103
522808 393870
525924 820845
574443 654720
163604 122424
883840 385801
880160 257433
503248 960710
755914 250206
733169 258290
139762 971204
662948 87539
181353 412615
242626 457475
296491 856900
774409 292281
237692 915736
271614 528744
991794 747921
399623 187227
52857 33576
69180 243629
844130 508582
439448 24423
293590 449833
674202 718776
302499 897163
964356 280785
946172 755415
100559 241336
142704 585444
696031 154041
76397 180991
762449 466045
74664 287183
907762 981899
990187 676617
330820 188765
647531 586021
42703 493290
990154 641689
899948 787443
835815 334007
278333 613691
254966 810815
42404 197283
309025 638138
245609 65478
781407 582328
770513 461806
686352 208280
947864 983401
60125 978776
896895 301236
198832 552570
599793 744829
856443 940878
539969 692775
598804 868071
29872 772822
88854 580292
321724 79073
988409 383667
50471 347351
491216 998376
528262 115494
289380 806910
863608 387505
772955 9743
967429 283959
955351 328796
378230 896869
838969 12555
814708 648269
936651 538734
708349 175322
578576 753448
390890 166182
960912 31041
980732 858753
872519 86127
836749 284141
639744 528543
209180 680481
70219 344748
558284 257330
415845 701623
267083 133582
41542 767026
572957 84615
235824 986340
477061 850005
866424 278586
514818 508377
875611 88807
354757 839983
26582 67056
291166 618500
969229 483122
146016 20898
894952 124442
562126 736474
187281 191214
917941 545327
962720 946522
291286 527837
381421 876745
394007 35048
547492 391684
507597 599710
68116 199332
356378 420421
429663 630821
479101 403721
552912 933190
383495 54677
255687 490432
198905 164324
635263 664410
883751 243600
523781 249998
919750 100021
56145 747540
907232 123778
689817 950811
136440 347633
384945 688252
511633 889350
873096 386464
133291 79667
179400 340663
706376 435852
132694 19191
915274 787779
417226 212398
65668 620918
833051 799706
58665 466823
57734 516492
413438 973349
726044 300162
159256 795741
339285 398347
171342 287985
663984 694766
921276 787706
875298 581887
950542 451043
204495 782351
118428 942092
954658 394140
94600 86035
293579 477946
731291 432713
770710 101184
776349 781887
275616 179325
528977 389865
81090 540655
116541 422994
612217 142063
312525 367411
95751 14549
907799 830643
512196 332177
198361 403958
923917 512928
631940 914908
31345 261979
355616 741096
162193 552100
274118 427871
617249 314938
208424 692959
2735 454460
496455 330761
321098 318667
539593 297623
883095 712785
875431 325615
10131 645579
93664 632935
728472 774471
526977 344503
717261 190856
429149 553815
956319 360826
72674 586355
842675 635600
163800 175455
68714 331211
785079 135184
313078 392396
455450 155090
318005 433690
839848 330990
771875 544810
370508 108348
938962 385278
900209 52189
408348 230482
77675 722780
651707 401478
127216 707865
724475 966496
970692 602346
469584 358643
462046 349317
312222 432731
864552 565299
312886 934697
937078 581947
481333 472899
3469 870591
506425 525847
587850 532021
936736 789050
377952 48429
273866 242153
724880 243539
144209 826898
428541 492913
770563 550490
166084 100184
285320 69396
513489 392330
345688 193850
537226 409696
49720 5219
24024 909828
309895 829563
675294 781849
84839 374198
60027 816185
960154 284086
286972 133327
309543 15
804329 437724
991684 27099
133900 232840
153367 373911
104224 272758
592103 863466
573946 438152
718730 71740
366460 934488
564623 175819
13778 39533
571587 703438
57470 528817
751786 553006
546093 950468
290586 154016
124692 702296
179118 337043
600917 754333
555783 429482
900248 772652
773201 41425
782258 193411
201779 543287
643722 109463
364709 552819
536980 488726
870906 757812
591262 703410
629100 233687
965805 527834
331430 64264
604672 830094
708714 485499
27683 479413
725536 26183
585271 930427
432274 599821
138699 470464
510040 412313
525603 384347
791172 315154
371436 863722
114680 836020
758257 454244
787452 199200
230546 970419
631919 77381
565028 82142
437737 795078
502012 321529
860610 503642
907836 46542
538794 60044
45498 742463
700494 997417
139790 3018
173407 450524
972199 184902
257931 532508
476580 164857
132827 756484
709300 373706
441331 426132
82778 510676
940187 404802
936761 456711
216167 319779
745088 363059
95767 825128
433934 684235
301841 674704
34093 418473
262996 195417
802771 798954
738721 354162
252683 853834
960122 679156
736752 814041
627426 141831
265809 986580
508425 215988
672988 916592
337291 621761
922827 919056
871617 278218
383924 39888
424625 8250
56851 264352
375290 621124
967981 618943
255962 243933
948773 850125
775012 377316
498386 567503
701749 241510
46822 903693
289669 444137
63858 508352
53656 397075
835876 530572
30396 210152
325121 456985
262702 352363
628752 7315
336607 245098
165483 921916
840668 126469
169986 97251
276309 645503
58244 838224
592314 636892
997215 486868
234256 447128
6749 419259
515098 446581
521055 39331
476397 461411
372058 753880
320768 972375
786017 372894
52889 756336
911429 495093
926915 596168
773347 891939
593254 761801
648683 435772
41137 814059
866847 794999
380789 550599
92341 363886
202423 313982
670935 64417
533971 510394
962696 194572
257672 282382
188919 921310
281804 779878
559534 194482
441948 32923
782299 920159
348313 491220
853521 637664
402005 242594
261388 438149
703705 953597
182553 288354
301846 950516
624949 672223
643382 500273
579944 721620
897264 678213
901297 12412
947665 559591
225030 867821
770120 271743
478869 913644
154193 306508
271299 364608
379193 17915
424779 17581
453813 801921
280908 442808
424724 478439
426298 417673
199664 989482
535973 900783
259278 739158
506430 482470
822596 714084
926653 336844
98768 937988
761592 685853
480587 343705
891298 970575
575796 94657
833227 421240
972180 735504
168097 995142
922291 550673
902937 146728
848392 121070
806220 632234
211691 749673
97605 358519
139757 3005
631084 608116
562458 152819
769050 391355
740713 41917
683230 771275
542630 482945
106523 169535
758233 997047
516532 120989
771385 266367
225438 373883
548706 292548
530983 369291
270541 866780
470461 572436
619736 34307
562163 335512
608985 904376
232255 374260
846834 658512
686023 250021
176358 597582
168445 803222
952586 169044
682966 936913
171264 720587
491356 29100
357680 941610
140692 804383
774425 939222
388519 584288
612449 292897
177737 299832
702845 599800
683333 838213
537065 745343
576997 635718
578714 259288
522392 579738
551552 322130
514244 728720
861241 591031
670991 758436
256355 426263
693215 565200
649137 373635
498972 711106
706085 872019
240338 116361
277509 740353
534713 785427
600316 847159
856848 129677
720683 987002
480058 84069
32469 597498
150397 753101
521565 419917
284357 826695
628744 864192
122928 880103
928797 366221
692067 653083
38545 602308
508065 974371
406788 703489
406219 673325
15910 807277
104604 184314
247859 191923
989159 413713
586132 271332
130706 133982
554186 169828
320987 521989
36605 451568
922323 710937
518519 499776
15868 590317
680665 390556
423919 436356
117121 539014
754966 675842
568280 815825
473653 825463
587712 884704
587098 528221
413195 687793
611768 179375
893173 390641
161524 905824
101062 552280
304668 399948
725372 254887
461960 610773
828061 562615
63182 981296
295901 443470
317013 983544
645326 317152
277729 809912
664790 661817
97167 500533
612586 465978
867229 802408
172306 28502
509265 237632
846987 47532
104352 306492
954244 352570
353033 539328
269798 510310
690046 422950
468555 868824
527111 920125
205160 199438
991698 79072
9552 478907
39224 480824
637463 109864
690533 44170
649301 190333
955251 657025
680577 135593
420500 965804
653488 412285
200968 272178
770842 817698
704419 38088
643900 748919
762414 632695
962120 46517
302134 924712
827670 839594
245238 422744
103081 91810
83373 703073
893160 236597
463571 397892
262949 100168
928216 208661
351616 780983
484280 182123
207971 356046
34106 49814
715599 115797
643205 981057
937884 390580
650603 693290
976685 974225
541368 844197
820764 960704
200822 233819
256670 479820
230147 371470
471874 349951
854833 754134
955009 441177
514275 37305
414102 676560
131340 735444
379466 820995
869458 340163
239398 88059
65812 30597
782682 527418
796332 335509
629742 998917
572107 373031
404698 610544
390281 158893
942565 972753
225515 59347
255511 797196
601849 433158
313818 679243
170886 336955
105061 441240
662007 788878
582524 683166
801801 116579
576591 344563
900845 767337
254859 252690
869770 936686
794706 257879
568400 705952
376574 603304
74201 601312
824487 982918
347097 578669
159483 712805
932779 911229
913246 608468
919641 146865
668322 379250
850875 385560
899594 715557
808314 223734
892804 823464
402403 952336
334462 682920
872486 941876
329375 449166
177179 34619
865948 498926
372721 356715
258342 216222
541665 84247
120376 283693
880252 624753
205013 201924
575547 687280
437662 106438
787291 766994
305871 76067
155562 715399
911158 222718
76217 276225
996890 809210
38638 334779
441019 170419
855571 371829
18921 917271
331470 85222
856707 295735
424434 192841
615789 808085
492486 482703
717433 990511
113835 628742
775777 684812
503467 191793
157310 764935
42107 700821
126134 900524
559739 922025
189198 868322
127640 962194
288447 309872
686543 592172
95563 754078
646365 416609
326735 388108
769782 494815
567108 861667
9962 269180
863409 796666
453626 902272
873065 673512
683995 250342
754915 354191
238227 649218
303422 682348
56615 114515
21679 519597
486687 341419
202916 674997
66677 625276
56741 676832
8860 806466
293144 387018
558832 654591
223075 466655
833447 843561
811446 782594
686652 428178
395608 411239
148147 373639
683861 335940
132580 757799
664148 419745
35727 554269
185028 916552
77757 822684
8196 295951
519122 696218
30804 987347
984257 576718
813632 887188
282889 943874
419637 603059
909699 483878
669402 143477
499523 431234
761745 407981
521499 429630
686203 339499
177895 474115
867193 273457
135377 549818
628733 337019
261680 827123
523807 492962
936452 215843
86244 19420
894916 322683
787861 904561
64219 787686
327122 280061
760674 125620
628314 693108
168548 98605
298671 737079
742869 573465
764103 621441
615659 149930
468122 161949
558789 151358
918953 977389
740322 903422
183033 536895
856086 449993
770355 265954
559986 717877
563837 527715
989777 966317
883919 503967
317518 917109
363679 447281
48250 899301
141171 369943
907493 823708
277851 370604
745398 922916
37425 289536
223576 297879
324073 170917
586845 982508
944171 171897
274427 461571
630172 824227
481757 352976
521910 276178
684992 730155
642641 229063
676350 695304
619479 7345
40440 650072
939409 708449
634454 337423
381605 524693
479083 324384
636138 78723
283765 238954
797822 432121
215395 452549
528187 235963
625372 688366
135442 573841
344721 699697
164959 784751
322835 284726
752268 731682
698204 581057
871927 828325
879380 759342
630920 212045
972689 878379
689015 524505
94270 600969
493213 352704
204523 494148
123320 61705
247895 197150
434081 85270
939763 247018
411018 431942
616828 43175
988283 811015
737338 867001
543059 947344
710482 580922
828643 627498
392380 825366
669964 686409
726990 643019
70090 981297
562850 464769
377478 639718
907403 314424
656073 71073
308629 771173
382469 421482
737763 821831
352881 859451
430813 535171
145159 426045
600180 563698
200382 880714
156682 403818
766366 751274
875406 67643
337806 391254
169474 905946
536290 397582
929006 99260
481943 818953
455213 373334
433002 775039
822875 756785
609996 892527
157758 693046
110366 72403
842985 409529
812476 913216
922535 411176
202878 266770
528828 527205
516793 626219
697638 757607
294633 583447
974589 779970
248410 100581
701418 672268
924210 595965
134543 858224
758002 221527
82176 434736
316373 602554
21508 399371
841842 826230
984170 703807
940953 258349
465988 623487
23151 239391
274442 377247
944450 92768
778933 139959
639814 405606
786916 114580
182138 471522
20818 400429
53888 381976
102974 944440
445997 810703
371651 154538
698294 476174
139245 848519
543920 57058
212280 598268
211986 558183
218136 252811
216000 311497
900530 84830
638933 764347
588900 877514
649356 763098
239024 615010
873174 69779
936853 843779
824876 397889
301477 124590
783083 628145
651685 581369
13602 83558
270707 933535
718028 526174
230811 167554
827660 344339
268900 612064
113838 158984
175687 818005
841742 740095
357095 677223
196615 884007
950929 722186
857246 845771
218582 770968
950002 871502
615355 178518
851324 635697
881033 662965
192995 932898
901853 935335
381537 300509
865992 445028
268495 15193
200995 763158
902279 915508
702553 739642
263451 937731
306571 757849
51384 162376
621786 385836
36648 619999
842395 860380
361030 203719
52238 174101
864690 145413
530302 162905
314931 566888
32854 766456
484791 87140
25900 857757
278204 492684
183711 175043
779270 608498
159246 769464
882528 793329
433958 915691
994506 337204
90144 863141
644302 90426
950758 796757
247461 960978
516745 836608
897212 986530
252636 995487
914457 417331
847878 200909
464951 66819
993325 902097
249981 418217
41883 34202
69249 954332
288407 590473
860354 44922
823929 345199
801920 150681
99272 552053
840474 847585
65665 806292
37295 256249
426344 326501
521007 729947
381629 737702
90192 236412
562265 294494
423176 500625
413587 618326
908999 123243
426409 97751
617769 956382
278569 941539
171316 587289
277598 840767
162731 602973
518955 244738
819659 206486
261103 700327
184882 319636
499031 858720
163937 862613
535721 593585
952443 235747
250803 718638
886177 40425
772682 584001
949444 653267
123475 155513
375501 527791
783234 362960
402031 833890
572245 115094
403844 36539
648319 129333
618950 957900
224488 87622
65674 864136
805081 135846
871990 145258
256801 412960
542949 361411
996627 960536
471905 667949
783362 505884
186697 709142
636997 162851
132579 538213
451513 178916
547108 544918
197422 648049
677085 937794
623685 767422
190105 880174
307065 941780
484862 892797
63683 884192
86931 283589
697172 252285
42629 818218
52357 452759
285344 336756
111484 636934
3862 214349
935502 553357
25374 136741
360952 931344
584331 297612
323692 474398
749358 469946
617504 384379
621817 531309
404907 63577
444781 821169
13033 350031
827114 443914
249394 112886
633077 363964
505329 445170
859914 182986
281708 150384
374991 829493
245590 860664
230204 456087
533855 129160
480947 280892
45542 786111
96426 147646
514810 678495
749216 69963
814798 858642
836300 41101
540450 320400
267012 412522
988153 587735
49713 409655
816501 590997
882950 856627
30819 528693
452663 882967
265377 114280
507845 15186
894236 327685
156908 325333
827691 173141
120875 429141
744094 119116
105544 835790
532571 492969
484835 262899
901251 19703
844681 866097
567654 815078
608847 597947
380589 789349
873444 908548
635596 686505
682679 662161
999459 247297
956269 173297
334255 6630
947043 977450
930304 188195
842875 210231
589240 595467
293795 835712
679093 307031
101866 631564
738649 685006
418365 464169
630348 114449
628690 804897
901943 159363
294483 443472
271527 377607
404853 44391
317282 494526
392182 253031
742918 975708
76740 250698
162995 305559
854578 404655
375413 222910
835055 802643
603955 727847
759947 92236
76220 961750
182694 553307
184652 399992
437435 123930
33234 494998
290843 761484
769503 204333
429570 435358
610214 531905
542288 752229
650956 850408
652495 242112
954353 488892
966852 387111
962482 177047
985013 860042
771800 107273
260059 107231
952340 379345
266984 500768
955366 35793
740127 944309
872939 458397
406681 873249
905558 778895
518577 225352
257758 331548
299783 529124
365611 402712
463813 404231
186571 944836
274850 392229
75711 274458
798940 793214
732161 868442
929000 861843
99106 896715
884892 390885
668540 663587
17104 546314
789331 986048
346964 591324
383653 832233
814974 148178
811854 831268
409049 822648
803196 105164
444543 397433
706719 520204
970210 964173
735293 822790
257727 53871
31086 958469
989572 882860
71903 993965
178792 367008
788145 120601
528411 59715
592099 467061
713849 347937
539490 657433
400005 763885
956146 803683
708192 761490
681354 43583
841250 30214
551266 309537
879059 71054
177059 757216
749668 100897
878404 927699
689246 160243
374112 132001
911036 797796
406571 52612
229254 551188
987001 880936
345414 462800
763501 792595
677180 336311
990860 469528
105148 763653
366438 594668
831503 603919
144704 604920
224047 139964
734161 48802
835924 417681
556044 477874
865266 723374
723205 20211
301495 768846
584835 661801
321638 606537
288998 587665
306005 270681
102670 686150
47784 86022
512590 667281
134289 47284
997698 499710
687502 714480
565149 914567
357340 487914
766119 433744
820136 676748
111903 432600
182692 171122
420346 963915
64714 588478
454163 678128
18289 699628
760904 329911
123748 379596
569470 900518
684162 121879
147407 799082
969628 25091
164714 542239
610365 770705
519815 973063
746124 754067
43992 455554
994976 409018
853825 93771
817346 2477
741057 254151
4066 685518
234119 337164
993050 516235
110085 182868
333713 213773
320409 210127
534165 212230
964038 188698
15030 645442
753666 973073
474571 188810
658193 883406
624945 405999
25592 452161
615558 904676
441030 921325
661990 767355
31559 841724
130907 915396
184990 861141
385796 318354
61543 33342
911164 367170
714525 627286
211244 533033
356539 794667
23254 740968
813925 521146
943276 799684
340248 192847
756931 754232
295910 845098
796700 98698
787744 396637
723487 182182
313240 256886
716740 22639
442396 325914
403486 835703
489828 828066
820143 682342
314912 856681
936990 31476
121496 175852
821884 245382
913328 586006
275093 727862
438123 629432
348211 366702
747490 441975
889468 863388
795207 519290
219307 422452
966390 291637
599045 164497
80627 526105
858066 197521
634995 87170
321954 186441
918997 885971
944422 433569
367673 328464
678272 486497
455322 349907
491973 178367
466406 43590
60095 655701
996217 445625
115941 884715
916344 593847
409168 16543
838146 645140
612120 439270
907217 126786
478416 554755
359473 435139
168838 945620
761161 881711
12967 331890
485870 692436
132420 636442
580172 323409
210506 488422
157814 47862
95749 197682
823589 241790
273852 843321
949486 492054
191158 52063
542404 432911
276362 831519
153740 993708
326979 9747
698685 894714
803486 120555
862276 42661
800812 685358
152488 766589
909883 977027
648407 248103
151803 403432
306405 317714
766589 95605
187437 687620
730518 876067
544453 248047
602632 11749
187947 334759
658729 802055
808341 573052
763176 131177
97127 623569
459532 519601
760020 929776
423717 306588
296935 899815
699295 873384
6772 42260
358914 772456
508843 370935
255352 967863
322958 979959
509105 211675
252947 256949
33180 483057
302983 755526
232144 646828
746259 958572
554685 924640
421603 785631
953853 471046
175924 176090
946978 611975
76692 512612
686363 213381
117283 859221
615548 652117
69165 705834
49922 18862
931821 119118
792897 285677
383400 969005
14822 464492
623432 293442
23932 3328
245090 392623
87834 588138
994227 416290
429646 646472
425001 19700
689629 271589
42666 630308
629826 476489
978345 236381
567635 630093
689545 681825
287071 757329
428358 748780
317418 329402
477009 837860
279261 441359
647428 484963
440358 870175
394094 46741
177613 777545
504349 378021
458087 130399
280723 840963
48638 530055
370317 189920
433000 478911
438716 604229
304433 758361
918278 66657
639100 308969
481853 919386
197900 601840
767468 153540
211304 530696
180975 218710
866997 154003
594686 513669
296545 306144
884055 487369
581433 379220
743582 174359
712417 634815
263103 680015
747517 312356
43333 336607
12862 213793
137252 476901
269391 711436
655471 720916
138234 794695
551807 101199
249996 739921
635690 157578
488893 901598
503881 439508
254192 200200
983162 16472
57561 373855
592645 241280
583826 847725
228926 832612
342335 916495
155325 211542
42016 444144
503689 360383
505602 951604
852812 883964
287190 44771
627934 128219
966766 417212
479347 146594
222737 663623
570743 816524
117048 756955
422532 265763
39085 527539
254505 332794
11388 994159
969476 833260
299751 886306
886423 226055
91388 386465
979054 432709
47124 716213
357266 508696
55783 666779
204220 727096
715677 18954
738567 779964
30350 42946
14241 592068
367197 565942
366626 387125
61125 271711
314401 18950
399153 234875
865082 742053
78507 434187
983591 685024
161170 633030
310992 543709
480275 415086
819445 658183
987663 152753
903635 30745
284285 864487
54705 653045
911680 378817
845095 527968
732202 529008
601510 892462
301338 481152
698808 807853
156546 685062
755568 149004
863551 345426
153298 861779
390086 505187
620358 19154
635788 68088
237515 194611
667732 242407
748275 113003
6485 886669
981225 779187
465172 671978
578415 329124
112070 548333
84956 829681
608165 652372
263353 879519
324445 869167
107831 808805
776698 607039
679145 393830
368327 374648
5036 479441
905055 730407
513894 208192
400409 778465
722124 57935
812103 889453
326074 753935
296606 795445
382826 898202
683090 728044
754951 732923
590452 35332
837831 562020
112801 577224
635481 941072
685903 236613
331146 379191
406541 622313
456805 195935
788702 257552
40503 779582
452167 989795
408793 521466
342369 501783
13934 473127
111014 135099
186507 690159
52257 45394
452918 900641
959970 83924
412703 370236
554540 664874
207708 861138
574386 761050
267980 589527
666176 965564
40453 712067
204738 20515
517991 371006
840338 546873
994207 378265
105615 728769
583584 678655
365488 289208
354136 507566
159714 510981
951802 463848
386437 243977
543694 190691
729431 722269
45988 950129
218811 186557
853607 821966
250471 542817
746810 468734
592038 853600
596218 404758
372875 116110
97710 979163
882570 415142
878351 208590
24562 54815
291421 609837
674134 801885
628537 845592
697772 303238
37203 206817
122617 844488
928344 328566
871636 424376
228080 111691
938584 233029
196525 421072
863631 67716
633892 8807
745741 690696
756776 302209
301143 851776
55200 537582
393869 959270
199197 6773
952320 945158
470082 884591
370958 382564
369677 293483
4166 368724
708715 298023
260831 532956
446869 658335
959395 11019
670431 938908
370301 476814
62438 223107
985909 61306
687069 189109
938775 984606
809606 750283
507756 853428
695197 958285
792449 855230
641286 554504
144949 467271
570102 475921
270516 65662
730189 708121
756982 427657
931736 940014
319125 569701
345574 664748
37317 608929
84076 24119
284623 163455
271788 856261
525652 18787
955922 733699
702912 73705
835307 34737
966150 393774
719190 114689
745972 125165
357072 234503
160065 104653
702445 736076
891614 249261
188138 122921
692817 668393
471434 623101
337675 564010
829575 109115
902112 165596
771586 543008
93654 581730
703965 767662
111909 632421
31911 987977
243552 715546
102811 618719
859083 258952
497832 458852
682018 818818
834211 367799
11979 978483
73188 408132
470979 892509
519349 648394
30070 179503
710013 663393
433912 116405
539525 508629
186369 603663
890495 738194
581117 783632
978813 874931
845740 348182
562952 599043
723629 394098
48595 877765
591811 263356
749333 854683
864822 246487
833837 275040
622262 358174
394014 996346
398733 381769
82074 735306
78166 724247
42775 687137
476849 549619
994618 291214
324607 570746
990580 70164
596775 930424
542027 703169
200997 634024
212276 527508
477945 972593
534591 385418
186517 950236
335902 873813
16163 605080
66654 111544
305599 678648
411652 360963
785525 251327
48865 781532
926843 468310
936169 106780
382244 579192
662361 985862
627966 577082
635751 855545
133077 35691
516770 77943
182777 562316
144816 417997
970607 224133
715814 96852
227209 860096
49699 293063
994982 85032
158968 234087
93537 482317
993956 941120
482115 91255
36099 740260
796149 71168
92303 589179
57141 681557
659901 981688
389519 743009
915475 553550
138695 458417
990358 493862
185498 72809
839420 397147
635813 243675
417764 291630
637831 88873
587993 710511
836897 930667
120739 264484
564487 43868
690600 136823
94844 158182
893481 511111
817779 968705
944878 503804
357660 73376
325593 400688
418357 302074
119850 52578
313428 494833
39070 130615
443068 656942
362752 57790
358980 365431
533958 945920
867477 1043
96222 231721
954687 789306
719013 824712
694313 72179
594594 567410
176389 110553
141116 333545
895451 187565
59624 246263
273566 683
641516 27690
734970 651744
352617 379920
987438 546027
389737 269472
320021 840083
865161 992829
687741 331775
577572 84743
569319 195708
287059 945328
134649 812339
989548 822687
660970 259442
11104 429072
161858 537199
940139 214561
