5000
437764 280964
412174 180548
753791 715701
912918 609858
105689 887737
686531 639629
265009 928793
97616 118474
830994 307286
559481 873403
654999 234022
338673 606017
767212 490880
28499 1123
233915 576327
859740 327046
679297 285262
25404 553157
990771 61047
805103 398818
715277 459111
243413 659220
698836 198115
269302 253893
436645 380027
329981 621347
752769 251975
906977 415503
951353 90541
711781 758646
236922 995677
760959 278202
328213 110267
923553 152336
598345 972122
793282 979200
535871 909518
250415 122962
660154 686687
366135 617153
814989 485507
459108 665014
465339 520778
150114 806412
470098 652516
815525 656103
218888 157852
337373 536187
290744 29169
948394 488496
143794 650205
216984 768302
1295 939762
97044 922153
341723 723182
740483 821191
633951 229793
662073 588830
394044 980658
948416 644496
628374 273585
127907 472369
972761 196716
590653 457995
681202 912045
631009 580673
330705 277597
828578 985865
980813 958263
746869 976950
826605 762012
137488 803018
225679 417219
954876 14961
395077 548723
827007 553834
136502 411982
748631 951907
406001 465417
322514 540349
65826 64677
895648 627020
576641 321053
725522 272682
296137 37551
90908 37650
801656 492633
483020 934409
885704 689199
268039 173009
750211 364890
696363 743026
122483 674161
21883 120247
150962 417841
537490 412923
803112 564937
58061 128466
859835 413141
503325 757334
221610 841096
129541 981426
619585 989967
450494 264009
253155 419038
547560 528165
361668 981676
874765 714756
734937 361665
311991 474112
282977 379659
866789 163426
130052 800810
288767 835352
713713 983437
613864 45130
546051 79342
233726 901524
898720 186187
505497 500435
546735 296843
186276 469488
881879 898396
412811 206966
828265 629174
778208 585376
967192 748323
291502 448732
790135 713111
237272 622148
336031 589354
890822 943428
109385 407487
604336 301075
88716 490762
944975 815622
57781 652850
301091 391355
818739 121222
997938 53371
796140 454496
975350 826008
17313 677283
435679 51443
624904 238017
184680 617100
63132 387171
119057 952171
329250 102582
708097 834200
499793 110638
625574 468361
515441 475
740647 4783
96207 281620
852347 420509
119746 117448
92469 193951
939639 969129
191649 152435
400144 390597
70477 35805
33041 922077
105637 755120
533937 889509
136373 357617
502516 889390
175170 780094
453299 262583
904178 964484
129251 220759
603861 679076
581425 158342
987516 321585
451857 516488
149652 930944
992854 126290
32489 21196
873160 677376
840673 372646
30763 868620
974179 935099
457212 565112
799169 971655
530541 891491
813866 262943
768591 474168
323767 594093
9949 360938
959576 634197
747026 907595
516050 830454
415035 685308
883057 176944
844776 790004
872484 646394
428964 150946
975151 143637
828533 970104
272741 9448
592767 151730
313683 456118
383387 99523
549145 347932
649562 511727
175830 422069
799145 109760
984000 832250
595713 914476
318480 698276
748262 168993
371691 276126
789954 574481
635634 372790
576263 854965
638128 892656
878119 295892
11807 25331
746610 252892
131818 987770
54370 5073
550324 425934
922040 503566
751183 979476
960452 11702
44827 871528
460180 972503
631313 58180
896234 830903
245874 890434
187209 550198
159887 978807
534157 136332
132450 116882
882050 60090
881772 320223
654485 571326
957283 89667
646275 465364
611645 543845
744883 796060
830992 879161
210680 159722
248996 744706
178138 491061
649572 928559
945062 971278
240878 197463
162208 104208
248195 385313
395339 173288
719183 984055
731907 661697
890027 984826
773149 426307
794662 19487
684024 660411
802852 889426
873234 710305
302240 850138
643509 826579
107010 465908
757830 109844
739318 524313
606333 86544
697415 251361
520897 95668
690293 946453
880237 194786
464950 890354
491089 966837
769447 301175
289797 151375
397237 381755
740053 146077
697810 124277
76800 424969
186920 676353
514743 591628
544517 684780
728450 422081
609986 355444
142043 325056
329943 331906
502125 984979
895496 935385
618644 74034
908059 763601
339434 815616
716878 477182
728798 324407
411917 972895
88729 737463
924459 659326
325931 206365
158278 650819
236507 551609
443343 782368
56288 545803
894687 99809
316362 101592
973383 692876
674848 857473
587228 980003
415321 375727
427849 914718
507535 96226
383265 866952
936135 510290
494956 400615
845353 970645
33066 945392
677457 651912
970193 279677
840309 673061
382165 506551
439239 119289
352907 460710
574201 212687
921485 145777
156497 780974
995489 312185
983680 13460
526501 128389
392654 311660
671992 609510
426989 372222
706384 856040
423668 386081
325217 539652
859734 561728
751281 379645
993161 895229
130309 957550
642249 359723
182026 386925
407843 837869
696924 302208
240528 870326
718936 542928
670494 359214
589384 948568
537181 132385
836608 635941
586606 699154
228655 996475
33276 597140
557140 140371
591428 949996
171746 123508
959454 856556
497152 429567
44017 518240
809611 987011
529820 281660
137400 598166
47306 577614
126493 213758
659595 442033
234452 27872
947274 74271
472329 502762
580268 550490
165378 520544
466845 683783
736884 438687
537360 443158
923375 970286
419668 240932
313920 346718
319951 708323
199495 494843
203375 280866
304762 193063
291202 310276
372165 972203
130884 471881
618177 894849
892636 432396
86820 77748
680627 58330
506064 389623
107815 423112
397595 293998
182970 265634
641869 774898
526140 652495
736922 467431
643728 83413
625174 546392
617911 611981
132274 463240
455752 945799
152635 767949
10082 117697
414604 114697
975884 622905
671402 198863
933073 715778
819039 734673
97932 966273
936952 259680
740920 433717
847110 992852
241820 454717
70495 554327
879870 652759
943790 343205
806813 965277
454075 638680
64925 564858
334680 304479
897532 79014
967825 617456
680869 608531
120551 178436
885643 271792
685381 965598
853020 167909
932220 479798
602986 572302
18532 218609
488783 369828
494930 176350
142397 885004
618844 49248
422372 537611
423636 164592
858947 622625
216414 230382
391101 789211
426412 647247
647809 977302
429967 72462
169112 982895
244137 75962
434817 530563
347554 73550
801187 58533
576895 788787
158201 930149
808337 762157
955666 944400
870497 615574
439227 324908
73900 824370
945270 91174
726429 803043
133724 573805
972805 856220
92764 283241
611374 628580
962213 761331
790706 663591
170985 429929
347885 292278
982493 447468
395922 772608
23675 319470
87876 979935
733835 311858
584082 540952
867 463542
908400 126873
857135 456481
267371 449081
91725 224772
269975 419556
196355 986811
795542 87929
509361 578125
831354 102941
636643 775493
108142 776912
139586 472494
107543 619107
662895 77788
469012 114440
783053 19574
263244 477924
726338 183510
431667 709272
541306 102730
311481 589644
357749 267559
234701 509021
797828 741903
738108 701030
53513 764995
30912 265899
754403 185269
918807 863045
76047 124079
764542 378325
479666 682163
648728 54280
301678 674998
356655 978444
744716 181754
95742 843514
451525 574628
395788 400585
159154 841353
821690 491483
147935 905653
777489 605211
446775 552018
497420 198902
163927 146023
78055 988869
708065 111904
922029 124114
957765 782730
435233 951688
453548 356181
713410 784475
895485 554775
668528 963509
925371 527581
817781 846395
553679 582619
567817 64433
267916 90293
571010 237968
400053 219359
747154 675289
728269 640556
766289 291610
349029 154679
96216 215817
802472 914895
698560 233502
128505 905640
940143 731172
758638 228349
594665 7474
553249 873692
352411 6417
768770 990963
229543 752986
898100 524757
418752 482727
279879 402833
263551 766360
699488 285799
625276 325603
490935 360160
171258 173855
496233 373767
606004 950086
281415 188410
55106 393415
531302 560769
741341 541406
13882 304993
177932 799048
478207 947162
310478 626888
248210 132307
261246 777501
883997 167898
58613 712844
54071 471080
672858 696895
724538 250244
70493 644198
33455 561876
959836 56098
825121 227585
181815 852433
933992 272277
140957 253744
466941 233311
555784 254103
200344 891468
626225 512161
220286 514162
68015 488490
852764 999262
410510 63518
303592 39736
562666 180870
478791 236017
361189 666190
708152 827122
990578 695605
38265 162010
360127 264903
867812 818215
195512 18646
976753 63632
994517 442314
791752 200063
620874 751972
963520 408326
643669 22296
134903 826655
609176 982483
575227 599502
611898 689652
804370 554426
23161 186395
887725 544340
468981 409093
311113 735791
302306 253888
840779 635784
648439 857663
47364 441903
440074 111655
594195 858460
260237 119481
980693 260895
520321 471256
33990 930684
785976 371006
935091 832821
774543 57173
462606 493074
476913 179344
83137 258241
9774 238739
530654 630398
475642 891887
459976 646663
774101 975000
874083 506707
875810 520669
433952 155337
681688 107306
730637 38891
38183 938576
634309 232259
483044 303137
805497 162849
676677 689450
487899 110315
295404 840324
461874 903607
989204 801385
187789 368548
713206 678816
178620 521090
463637 470051
387434 613773
482477 5624
665067 81030
70097 499506
631908 688287
759699 143646
969162 517693
586101 721532
882408 600356
905641 424869
274661 809500
582393 322647
253564 354298
512985 580072
491147 481479
302002 183654
683734 369507
962423 395558
734661 502302
80024 931558
724058 735999
866360 59415
992034 401711
839640 485289
615188 58292
960264 750332
234667 436508
234491 889235
194483 779850
163455 910654
978336 778724
678806 141432
145776 807846
898216 56519
698394 87531
155909 314687
36452 162661
793217 851934
448208 581997
343946 877987
891427 237725
824280 700621
880187 33139
858881 711291
791072 48611
789252 964974
210522 844618
884572 844612
408414 878775
437108 516294
135226 521286
201017 353111
139153 493895
715622 176142
944766 482577
889621 306432
178488 523766
526547 626576
190639 25495
48973 399809
763342 427306
494224 708874
840921 20446
546857 634004
912060 966798
979589 87124
892790 594175
644580 846887
859438 630600
257577 76712
763436 960421
197432 913473
643161 932781
422579 968331
978974 791989
278229 657616
970062 592438
428732 699063
944180 793009
182086 837843
221733 602298
323968 749754
11128 676143
155722 851766
518626 930410
351794 964324
819928 362075
591068 352034
298063 13112
619487 379136
418300 324716
91565 577088
678216 878198
18572 11884
739212 743353
847392 268308
402410 516120
441730 655010
236279 232773
705605 691961
92802 856633
321103 725898
531248 517311
306328 400228
514294 327794
897233 538719
237470 617381
786831 47789
30495 342516
551287 435672
930659 1366
935850 694756
745210 132297
157920 697704
36676 186035
902580 422129
932604 472209
660432 304034
533906 782120
594132 674264
405826 470950
138088 402891
722777 303849
248067 607902
301213 531168
889538 168590
928618 120114
738809 238366
727138 799441
323201 920009
477518 499401
297938 691839
285521 474581
461898 492139
834107 701040
974887 413644
735994 34301
295914 211851
280266 717864
355124 781218
261221 317395
353243 153762
344456 11379
797869 151657
469472 368441
655206 567765
262284 673695
580776 782254
833006 138318
958346 851006
257799 855745
974141 876409
161683 427572
392134 373538
86875 190047
789557 912794
241416 661728
768092 38892
521328 286212
73125 942960
872834 690753
860823 74856
760012 184244
295728 678941
313210 650169
474859 565188
851905 706735
38095 987805
777383 498672
496839 386545
589735 538704
997973 889654
805824 146839
367919 636249
389350 438935
374313 937806
125168 329674
774664 25913
337044 674910
716096 112232
671702 799591
442553 835625
387636 517772
436317 372078
164588 99366
659816 984364
807883 101271
643764 586851
813778 845560
851845 426697
973733 663318
199909 317765
879422 761947
135776 331199
298785 262252
486235 997499
243466 280305
830982 308726
585190 769554
532267 952598
966596 611853
665847 353137
160382 833616
523461 638027
10683 289512
627937 355727
952547 674804
680012 248576
940837 988849
519978 447349
564765 309768
623705 569394
118564 655227
10298 372182
644219 610800
539336 949726
430426 749812
962785 574531
140250 806427
681636 595233
794749 134809
187900 534092
169002 378306
479560 301548
36709 589415
998725 687088
818674 318982
171399 736288
191515 130694
477810 823870
573695 922340
656149 607128
378883 283850
39267 121436
334008 431775
633192 549725
716696 602074
868991 929298
620174 666288
814858 909500
140472 574897
21049 910395
34041 947911
867737 69813
617781 209482
343379 12568
534184 695982
360151 815849
474282 829042
887905 762197
536303 6122
71139 74340
473938 45587
499584 623311
438757 673203
903509 929402
455553 551776
269402 569059
757597 16717
415696 478118
237944 225337
977363 771820
528787 454764
690777 864138
383132 46142
388308 607970
818123 151302
711359 97318
620066 909518
403891 434915
283235 775130
386702 813063
506518 202599
262568 355377
933782 596293
604145 69782
599909 536837
690089 480490
877720 411846
572150 777405
22227 249087
414708 738708
411544 18471
574476 293613
987627 142423
920251 595941
558429 559850
612268 230971
523178 857253
344156 349362
175069 918446
508168 922306
895019 514887
449303 606284
422154 601414
658981 843021
543059 278115
468308 891496
295518 374295
717959 589673
627447 569841
632409 40550
998181 435156
142657 792881
183185 997915
663978 517091
311007 327945
783573 38418
345178 600057
266732 773997
815837 202546
638911 291890
467655 889175
618042 739129
405477 649012
293673 454143
115587 129799
578299 467930
493486 876588
822047 791679
70226 854145
634264 367320
401599 375395
187159 920097
234967 982068
151601 67092
34254 794236
653760 790786
325458 254457
116227 606290
315044 181048
242291 929450
494748 846798
827524 46650
510711 600964
504663 21466
850314 807047
166022 954759
694376 998204
833708 701801
125171 743267
819530 79642
174887 440931
444187 88427
855186 923706
846751 956186
390588 285905
155234 589597
223052 966767
123096 411354
758627 783277
206017 486965
326003 704858
512541 139307
561165 83332
104127 864878
207561 854847
487578 201514
648916 922080
964585 721667
275852 776457
451367 82788
74090 571804
180574 49013
317040 296354
260663 129145
22246 531617
334912 167345
23757 931464
108259 472638
771625 438646
157990 21711
823099 977414
808788 483625
177128 501985
446236 256877
174323 903270
387350 339175
659555 957229
62762 697080
719606 698853
732488 874189
762748 597343
56052 34398
748410 135088
877936 388541
642816 635442
165039 976810
344488 24439
600663 97129
150994 385418
145915 551682
799667 913859
937871 120725
330395 859411
438008 588462
861011 735128
256645 548111
540213 99406
990122 132773
837151 315501
759552 268559
388036 880066
23777 311472
986104 35078
738744 832700
884994 661008
132629 268123
596816 440970
61060 62623
307637 23516
478637 772082
478882 262897
961298 286386
596287 305585
691455 401202
441644 513075
544965 799361
529348 355207
5465 683248
875385 827805
532535 615426
491990 12292
643118 799070
622528 440731
485708 131149
810096 501872
129636 589958
481418 828357
192257 907655
38477 51533
872090 710830
260188 41616
254321 970808
790553 962846
95442 383952
618355 450993
568654 173920
609483 355789
305199 40974
757258 98774
527311 457515
71264 485294
557050 621630
863460 302054
162510 661110
923551 262236
28798 919218
922170 213544
351581 151885
623505 813259
952495 699285
633584 770279
319324 807965
19043 638264
682889 407892
873177 971167
97338 330396
457529 164143
683159 270824
858959 297423
67032 178066
873290 574120
724257 113078
949862 571188
967970 776860
867024 740772
760515 581526
130001 344569
517004 504163
292604 143959
586893 470255
369544 274263
815802 275751
444477 522220
317365 591965
117155 544060
46937 353177
744680 986723
530627 63824
806187 122103
498323 69981
274453 877032
437854 251657
865463 659381
947855 369589
734561 473329
265051 499129
608471 72929
502693 222151
698321 252552
802664 601651
498200 163037
901671 884708
716392 741085
978577 983416
815219 464280
947496 522429
831211 450842
509770 598973
874720 862883
610373 242138
691368 23344
635018 972343
808026 653097
633804 587871
609959 897086
809165 531538
368151 898892
710496 99079
880291 129547
528171 924043
11400 363535
811267 985160
923265 505678
424449 661226
606926 773446
788656 975613
490251 710084
283521 615329
649022 315276
415077 784649
300704 656418
454023 376626
390081 754987
731359 301517
198169 78950
429474 301477
892849 371129
423245 389204
775712 459106
550906 539212
885482 102519
390648 453060
867526 999936
35775 565964
231678 963615
824709 959585
267244 59176
767008 365190
598829 88840
462088 766792
255458 773912
222893 128372
32557 777644
927633 71613
797509 426532
580332 532834
308880 198270
256233 53122
169268 669024
27220 713120
491284 751317
959707 904394
299425 503115
4708 694157
778311 127167
447037 763944
341599 191603
604188 535710
175987 314821
189969 420515
143205 29420
309299 472858
292549 980398
17414 383596
178516 396528
843741 246065
78728 580145
467152 286184
211850 419366
289095 614426
563536 233223
607962 55196
33714 446625
982602 936782
927584 236593
177110 579091
683194 415867
528756 542711
683160 997911
111074 470470
805950 793188
241318 91840
226391 416376
319201 441810
681294 52528
291083 97146
249571 832844
419398 33352
94470 572873
644265 34690
505397 616682
74123 962407
178152 163408
442076 47245
338022 543900
28450 348976
938423 710709
702748 365052
534755 608098
798927 412260
228664 278461
724778 861768
206601 231214
114575 891096
214389 658508
897052 308979
270875 35680
113879 104889
249884 31497
927829 812848
600936 200131
982160 414067
948586 328328
812070 320406
669512 520088
186090 152316
748621 224043
505589 868036
233970 472816
615701 399681
575252 289803
377586 533410
236630 273356
180009 81500
751945 753078
199917 405520
11944 454074
62000 587003
359544 337089
845873 840236
695286 912145
407766 691153
744961 390969
509044 587224
174059 660214
382335 945962
57022 818312
961736 192012
951725 289663
766751 870034
844418 381714
841768 3783
497916 208339
281525 295023
862201 968459
943026 306491
111177 706086
737804 304300
101967 210917
447412 655994
192709 124360
334220 676674
534153 549709
48862 722470
708386 717650
209234 270944
898229 512391
531546 116570
221446 913380
992390 844745
527690 434112
999014 309132
553225 259021
294550 758601
857178 630641
120751 192271
589349 76597
789462 410262
103906 374836
899864 467793
729026 673787
109903 313498
651130 97544
237316 522253
610674 597391
377291 440425
750579 417824
686623 815507
874278 136130
617690 790243
684697 7545
550666 902070
384791 139388
164385 916125
21177 298954
733069 924130
593426 65580
657698 213912
767939 29869
349768 880808
486265 503655
990689 988827
112070 681390
454633 919858
631546 316606
551399 937846
296127 836863
771222 751337
782558 371859
198709 831384
818361 213333
790937 274666
387514 765996
407910 72943
475581 259443
443884 703874
893089 106741
229335 296969
506696 542267
69530 691463
182991 62561
283903 532868
206454 47333
636412 547486
692335 480837
25041 537765
420702 411479
345849 358205
250530 889322
520782 487933
267630 76693
430109 334646
111341 940360
878886 134018
338175 817931
888681 456235
944875 829602
577202 484882
980156 923004
453956 852853
173200 485911
687076 130150
931171 495114
7374 505803
613180 190388
489676 165027
954984 685090
91115 706540
356349 477971
222963 478368
424134 550097
730098 85653
141056 4277
889254 98545
885157 361145
2587 891857
231390 356201
235106 870268
973268 500605
770559 622201
863442 402072
223822 411536
18683 732503
30852 346869
814366 375012
192932 732727
13686 389910
474995 101945
13473 496180
443030 659471
222667 739756
863810 702266
75532 120867
175887 780402
788529 964499
890936 725095
384818 568142
197970 839699
446283 95737
45678 425843
942341 370561
615709 285267
651955 369953
791952 362884
743070 991500
452031 164533
968811 236876
403436 145281
996850 140087
508332 475281
602270 84023
714925 203299
99258 399211
785285 875593
244821 349614
185707 757271
700806 728932
190818 146269
919565 609322
164934 780470
451425 203733
772264 341602
367969 760817
508283 481552
762843 830748
514419 17406
496835 625687
692496 959740
708648 635997
945668 54243
72387 317360
712064 726643
52050 556437
903894 819625
133877 504726
159514 905260
960381 969508
261072 448216
106313 34424
109384 24549
280319 392540
745970 948517
240272 470393
642029 39332
329653 233804
56733 771138
105892 463030
481394 878968
414923 619313
22751 811443
895090 94505
827246 6006
138693 901200
905025 137723
326695 673909
947549 216704
288397 476884
298542 141012
866436 270649
38483 586846
329600 536301
64391 979554
16744 842497
868140 573038
779564 559324
303348 74980
918578 205489
959696 51617
836215 112112
835539 50277
195544 28569
415093 84145
755808 688853
804825 640841
976506 738801
324600 182549
673448 526839
270893 375937
905294 891975
523599 306330
43483 78224
712729 366364
923527 943155
188043 679346
492018 359663
63986 902020
890074 499260
865683 807803
148320 711350
882221 712374
35822 295093
629311 706398
739356 11133
367700 244995
106141 46863
9495 755550
690906 840875
662393 24864
312876 959098
142170 244752
464758 688417
935214 168841
941315 483837
626180 87060
294942 875177
780558 166688
175985 528363
274474 955836
890810 586844
905943 664279
459486 137159
926118 676886
883922 201586
435246 346917
463486 878482
933664 885980
822307 451097
945150 961922
418760 213691
584973 18385
812241 616493
882418 808414
195635 121715
916118 739737
425771 663419
544411 729586
801149 263016
409094 491031
59556 673387
460675 43149
733810 271703
132565 764451
444280 491109
288375 215153
73633 473851
227932 109392
380333 226520
357182 654870
353999 793512
107622 456521
350548 637150
727673 286133
899205 380791
825252 322480
144807 514883
77566 949909
596744 515161
834082 434445
545158 303199
380271 757984
560463 324203
984326 620086
828943 575113
160690 622543
240956 964813
340759 764738
432706 958425
715777 135885
476009 421076
92309 198822
110459 785763
207972 188345
84004 380116
957672 106724
149229 150870
172200 433459
267651 700727
16842 223245
615449 312774
491333 750804
649525 609307
424668 215064
965054 189490
401349 319109
863636 133512
156910 530369
999532 890005
779749 777578
990539 508408
837732 915413
150595 967502
268216 716805
823274 235902
565126 198813
770761 880801
653551 334041
813143 881592
945577 400736
235437 942126
597211 781215
793010 470631
371143 84839
406931 983575
325291 69024
953017 388309
567013 716729
79176 58284
486464 565318
11701 955629
48762 247768
5879 409915
41541 728008
670389 621957
797586 245163
878281 568128
279743 889563
836563 943762
551024 217595
951005 383587
483449 901445
346070 853219
506956 124373
527456 434226
963415 69059
644069 188548
205816 966600
324132 958076
543826 210978
961594 537251
594610 718077
292451 273585
492472 894747
230912 588705
915085 506068
537397 88690
590776 965703
722972 533146
98638 695095
482338 129031
470646 431119
405228 711516
80238 52417
380646 202389
79555 887469
176303 259406
703164 730461
55732 419913
336751 343821
865425 675776
988550 762812
789632 907402
856194 152656
209459 315559
671229 456374
312164 785616
610822 625133
685176 468077
17239 591808
362106 122804
673846 289845
778034 135778
949641 119212
868130 257102
76204 567438
877483 284900
315382 599718
564008 999066
409509 777098
104036 773600
138446 382344
259216 642447
421299 580968
981402 63009
57225 658872
655381 949591
569840 440328
57120 237070
327102 993947
530659 61446
21034 694173
745000 128702
191501 461401
707996 509031
369886 820493
903404 801357
591403 622689
344902 887010
922153 109251
877601 492302
417312 221003
886682 780724
133875 390751
710436 861303
882024 912276
631553 46154
359042 383818
540330 148200
20620 295448
992577 755203
403541 611308
551620 925951
298979 695373
527114 441589
59507 393135
38817 421239
937658 228470
655449 639838
327147 872083
767213 939808
523582 342048
144132 457252
842806 976621
235231 42629
195903 368184
122743 38230
271091 110142
87285 51164
159861 871987
881663 545871
835599 625107
266341 204019
335032 194477
811771 838198
451123 658084
346096 766085
834200 161007
802090 575042
661073 522056
77078 913349
297601 637779
795101 942275
690205 621183
829292 900517
230650 662150
605067 571161
603480 642874
20963 910359
169610 658233
387366 594761
574010 265267
876111 409825
405658 900581
320490 479107
571206 612914
389759 411407
432428 178124
243295 795226
274133 702130
435634 249364
127061 471009
327008 139023
516512 23420
554416 166964
302041 365696
126861 199029
78452 51463
353277 945001
600441 91956
423055 918417
760590 634790
130455 77247
578696 509865
195107 827800
392409 630140
828036 17420
591378 577601
834900 130985
634786 901249
956347 554104
20394 508176
629439 184248
344841 3719
872236 647030
539014 607833
865064 197720
140109 42995
526060 576297
540046 586318
407852 494309
996317 88696
887730 862498
825424 676707
466645 81124
873455 590133
104562 398838
705797 950542
148230 344900
883334 110564
818416 563269
236389 765500
996264 705841
447839 70932
184704 181451
34894 136800
239517 565029
47037 254350
616058 732241
129319 811699
219886 742718
205300 596377
869558 131213
707193 766992
656955 994446
590470 471254
295528 919177
499878 551925
112946 660161
68068 969397
200941 652988
485109 620201
976554 664564
867370 457277
410950 786948
356707 190961
578806 840502
561854 89762
667220 603440
628006 596260
513931 583310
264368 571095
353004 791343
560916 71546
420478 971650
826722 194215
249477 770552
17178 589396
157840 928149
178771 140828
160006 51256
731456 763436
266108 974690
624374 578350
57110 827952
566682 239032
524469 239260
371540 64346
948061 946142
565843 17509
547680 601046
841048 72603
181304 522971
73868 891309
210399 573671
356463 896313
593785 970268
106773 642787
523309 996922
489146 563054
258792 83016
844587 662765
17401 304354
141893 52355
886293 213188
762608 688390
78819 66045
612960 142800
268134 204571
68216 972919
23656 994617
557492 243421
81920 124602
326199 305683
95232 667105
972509 805332
356750 663523
339174 428185
81422 209372
117528 807358
74071 495309
494252 592936
542767 175925
972636 771114
599537 347012
959913 172652
597576 892744
191183 323738
992778 100498
910791 496463
763925 964639
906036 68008
435306 641014
106543 8427
953041 811389
321073 23271
795058 899241
561939 1976
536495 319665
926722 520092
912357 896115
690864 326490
555279 157596
618356 332294
30111 134246
904504 618271
507357 992200
568417 561240
290970 416182
673161 658745
893080 852661
933436 603145
356853 62360
933719 637509
249236 807735
341651 527662
704397 692403
75250 314579
353246 868419
256807 718131
23055 445888
557324 985831
24577 122716
559935 681635
267087 717595
127689 166799
696159 857444
740602 845583
46942 675957
93257 253577
411196 541153
846434 654989
455216 511018
105060 59280
242897 103591
801384 988490
678106 399969
196068 171114
58119 92371
600637 998590
885604 752772
140289 291997
608791 486234
666353 564767
799960 838664
739722 797733
490650 6065
913738 456992
130908 418726
552040 916137
475894 592844
923140 212376
378941 692871
310975 83366
309984 142642
193072 189942
160837 849133
221473 927414
956322 454213
862674 210038
408422 276473
143249 384265
293534 53305
374425 45138
938640 660491
828570 122839
367716 923739
124156 192456
703383 26621
134656 613542
356278 536971
729371 338615
808255 23052
537108 911221
845454 764227
383979 613144
580885 159386
947798 969626
467498 171841
708609 657448
70343 723080
175865 686639
603579 580490
357144 973748
563220 526384
478401 545664
658057 982618
665297 486323
522512 723689
778747 239695
861730 714653
239080 884231
556882 392144
83330 905183
38055 785243
397271 393791
379020 77706
960891 872466
802292 635930
955327 637871
540582 369786
911272 151686
304375 643044
554792 292902
667403 331052
600381 265656
631148 359120
442467 752919
339074 455984
241698 111843
642186 568142
538345 35349
931170 855648
326802 827234
726339 337241
261996 300524
956836 383753
532106 90861
171472 66864
69542 871996
160727 825913
568801 354370
144136 542036
516835 340464
382853 773222
672006 885575
815034 769670
166705 426088
348724 744204
758102 987055
248324 175
37650 518251
595380 490515
659717 872690
363530 3815
822051 845077
544480 514001
377216 444940
694528 50363
443683 574307
335573 130436
924018 359868
335301 470420
795330 739750
366283 761524
14618 188673
555472 905574
242100 251520
644976 851313
942709 279435
822109 534498
956213 690964
415577 262521
964507 202092
866359 735550
787016 545460
235731 184348
872727 982037
266341 490875
846075 595290
845979 987970
360387 937331
576353 958241
572059 543245
293616 584324
118148 231521
441789 899850
786026 981116
988343 458985
257706 462137
132957 177434
546275 416037
331662 801945
104641 839916
71297 313632
489033 630460
347775 788681
508764 345503
476026 760650
810075 849056
644995 612572
784302 696552
602380 335572
108062 117976
3141 262003
722658 28830
229581 23671
265507 275058
964816 503397
851359 19618
864576 553643
871246 457255
625519 949415
875680 317508
262994 500708
250917 807365
231191 324163
801824 224906
17761 454896
742557 286469
310741 264660
297914 38572
580890 431696
680335 470599
986930 341883
653612 638601
510276 691955
761056 816525
674935 665741
678855 548487
716914 411693
912281 252849
790813 886780
138586 253402
323975 163762
365951 717365
189864 343403
947112 864448
804342 13190
888517 725483
977474 766760
184928 61275
967785 532768
687543 488828
836011 272271
573303 537833
687268 973343
553905 393757
527858 110610
177156 748632
148719 313405
525621 354371
726239 780622
807024 783221
446970 858866
997023 859982
854410 538582
618815 628726
173459 508054
102973 545383
675667 199659
47137 553435
741870 232136
231758 702101
821456 139931
930672 445352
664549 195386
180802 770973
338843 664714
759303 3941
21518 559298
696382 404727
754893 107654
745426 389149
375207 377434
129869 238837
473814 996473
246418 741805
873724 575539
369926 655110
36131 26699
421598 272201
369327 643423
526149 419286
844562 659973
74870 106930
263409 423445
30481 715444
430714 643966
357103 150137
586634 719866
538282 561749
45037 528963
142080 58735
977852 254424
719339 316842
363561 577687
567248 206465
371474 82905
607292 727763
393987 963341
870175 254751
866663 216390
767938 841095
545664 612208
885116 80827
138520 882921
515435 560875
51459 759104
981162 147881
46947 92326
67077 233482
736967 474381
680242 103260
18996 928597
835186 192106
668394 985570
931140 737524
946814 946440
457621 633749
214763 323891
548534 432138
460918 213488
93457 689201
568765 288596
391418 76324
183410 162658
219663 109488
18446 463601
17267 176318
148349 436586
299870 104378
189652 177545
221579 664516
676439 173254
858235 362543
697633 7000
693484 382651
401429 991143
103307 849259
79511 355971
917275 266661
728411 527070
762405 272684
371889 490200
731097 365906
500000 184212
572280 539186
19146 296557
391902 170206
643835 864303
637533 425052
156343 826496
188889 710224
702592 507330
573256 822559
248997 943924
984817 767135
569402 77546
707496 25319
346922 501128
911880 566568
313439 201021
359092 665211
52178 361744
379792 170481
66989 13424
266211 351730
776837 123665
4749 464445
508992 779743
182986 485010
595406 480372
76982 989174
71004 30356
134735 484972
30057 17012
671991 797625
992959 228392
307878 789031
778462 514941
87424 542375
868924 307362
97574 992463
152164 233116
831027 404177
941440 701005
626459 105012
567586 992568
912994 905457
992778 588326
293597 28916
189431 129860
216188 785382
567209 106226
932874 961563
840186 618826
423572 185539
510373 411324
813049 549254
945148 471534
651621 159640
704632 683746
406890 755785
593409 647909
459909 321511
160365 554464
868760 752039
568768 944868
152739 417223
679196 476046
341073 259568
82860 529606
401759 955521
444483 804196
958702 30358
983514 360871
366816 604228
696636 527927
632695 78980
586458 591651
944426 447083
795050 536389
996452 264617
890131 213720
147207 369037
974746 289058
415843 713247
194749 485581
259594 520002
937817 927871
801943 204192
519439 133251
838514 83734
126791 428565
295006 221699
266733 885843
690905 750376
985800 76182
634035 148262
29498 854858
558810 985712
829949 29179
433750 7199
78032 642552
218341 494992
677451 999506
943381 202474
134391 52579
244727 326008
415209 570756
329287 132686
673133 270150
890431 580699
446657 766145
732340 283257
879100 226695
844528 702367
613129 199250
791503 354494
417431 252202
751164 162816
100213 282238
372740 949757
690068 505304
708402 770834
763268 135106
342293 795691
613892 366416
560362 237619
795436 546992
336311 77089
512996 575203
869317 22580
868878 598261
324991 160707
553422 391044
258078 74422
25972 222895
768417 670097
856292 407593
634703 735696
623512 162174
715786 472993
278217 178718
780745 163783
308436 294692
540548 481746
550363 805107
516298 568427
145089 399550
326425 37309
307321 587015
918650 146219
764190 751200
641891 679227
407355 134604
996456 109332
310133 586087
180181 891391
657073 622484
202400 907535
818982 908111
724192 605722
878987 425465
765794 569918
159884 591599
589775 137203
654486 890371
449449 689924
404376 937298
482526 459597
179316 441854
190554 974928
397586 92043
9789 498736
698892 808653
36967 671378
477834 522436
956374 181636
58658 76192
888588 21989
76397 198930
107750 335348
498417 10681
22309 220725
176763 372784
461849 238538
128134 289010
650869 254192
557860 728626
75920 400899
781018 992656
382806 4620
415673 413748
743890 81287
771051 441419
213462 741247
743722 33341
17994 604415
390678 341728
155987 418028
711031 348809
795661 424619
909467 722185
52230 496779
533092 863431
679246 657215
439497 750992
725406 527577
303618 709004
162352 668238
961286 686422
650290 618795
978178 928494
271470 147025
709258 356911
236256 945968
918408 553349
298723 569765
641930 682155
385825 355483
402301 756194
270381 378609
683857 67911
72474 329327
115389 838222
434507 190058
125919 256674
3206 432329
546637 164658
664134 349324
306003 235023
184636 763411
791190 9542
755962 496664
712331 940269
649925 492251
962732 219380
537274 883838
105025 175534
302838 199582
159332 154691
15037 929560
525896 422378
397831 247200
603690 815763
574922 938709
824455 168239
911900 464772
814776 867056
38456 158747
258891 207503
138928 615627
29646 93215
791402 336661
975359 775367
101159 543153
931536 968768
757691 942380
302946 707776
575885 126631
821359 71340
347200 551883
529773 532553
801141 335946
346295 697623
932009 799982
130257 384375
985008 755691
702277 550266
175556 705580
352283 841331
819111 739999
863470 848249
93147 97128
961350 529743
688834 622693
391614 993973
585262 6801
84613 315907
719247 765288
148527 86244
300479 19032
326006 809414
487789 559237
494208 891026
123475 628287
87540 391500
36401 762750
708056 677601
601455 837477
795468 67857
500479 780239
470612 503362
236526 168165
489232 611048
204586 262396
820393 972719
279887 15086
987106 728915
311960 359883
195462 913102
208220 842577
370040 554839
52468 595427
248098 169847
127200 317166
123657 163157
704402 681139
202661 394016
897622 41269
160299 743891
578155 825570
328060 550970
681148 35421
68112 37237
435812 186492
371875 283198
533080 542294
207535 388565
565855 809417
930977 591316
628677 412739
480144 611425
862506 966978
67510 720862
648639 922942
376462 478707
556481 328335
750862 1072
723011 630166
844109 681580
165085 853064
832832 472699
854036 267568
343616 641578
652952 681298
875678 680681
892473 881298
138834 955661
205857 871091
698222 205420
313616 632462
401651 610535
514497 748383
31810 758271
933807 641774
114850 331957
124792 364521
12740 919475
200641 582019
641353 569557
513257 643334
646697 450751
541920 425898
567549 201805
154998 519977
306961 514663
7398 908140
96399 341255
216937 246610
280049 666569
48736 550316
980168 554087
837995 998530
193606 857739
756524 853937
249993 907534
805040 463343
93613 732167
524495 531561
815143 324435
576519 192314
416411 462913
804349 557582
827764 223327
473736 166565
982918 86289
745535 468339
379116 517680
433839 345246
409887 652226
318132 174497
498319 455805
520007 700098
271758 707478
719190 754421
679725 879952
72511 166467
250437 738480
968597 758951
344374 552803
213466 48280
93214 289708
769026 694978
737473 840416
773704 488129
616233 893506
706967 910677
396336 471355
2976 241806
177863 317765
923486 208915
393375 149327
824371 908765
77796 843111
69893 464522
886244 78647
1626 998406
383397 378052
719057 80209
457762 810514
893639 537779
307532 632007
943891 377045
491307 177056
917114 344408
841196 768961
363445 356756
726998 320245
366467 413527
388647 276459
420599 798392
120059 72352
757489 586672
501151 164089
141021 858107
103332 385495
883621 75235
221319 112703
988929 122697
297392 743605
52561 687959
720635 889981
277170 741837
368487 487220
935628 609248
565476 120983
772041 346891
159674 316830
755705 281196
870181 486854
288566 174762
540213 590203
763741 619473
657375 522391
389677 713674
501879 149562
601379 545435
712456 469276
458221 52273
232435 820992
263078 259609
958173 367281
727990 297027
300241 680826
144451 241102
70847 180247
529377 406992
213987 349895
502519 853160
477196 289781
344126 827931
498041 165259
418989 909857
271000 266193
843041 136866
611960 882647
729665 229245
765040 377398
103738 27644
105147 991256
462964 145036
224883 723391
257346 809979
833695 950643
61441 346463
475242 547922
504590 767103
377234 538876
152094 706788
769927 464162
24735 612898
510127 504130
260332 300058
636642 714126
401140 535937
735110 688327
389368 545883
745631 244217
24217 47689
15925 811022
675161 129301
498527 798973
759259 942351
671111 340444
419699 581198
747074 110992
745483 83862
39522 685664
678349 805456
491764 823247
752724 812381
391802 75969
915669 963885
801951 77083
971347 140560
904750 767218
145311 568101
813266 248195
944937 279542
723391 950865
188737 685135
700055 943456
74469 297996
56801 267592
830336 428124
494968 318766
252603 9190
115878 105279
610462 270391
258461 119425
904962 13177
589245 465364
762220 372276
962772 260238
917080 229864
802341 935615
611709 327824
512798 512505
614542 432727
291063 485649
836832 631107
875189 268459
361716 739274
687664 19690
324831 866421
18334 704243
667072 252509
242810 239055
70693 907261
765077 463290
567812 459660
620912 719064
42079 873437
106122 900196
276044 179637
20376 69211
122697 546508
736946 274568
536730 314613
704865 71464
143998 517492
508653 801744
987545 816781
573380 504639
585904 930093
842561 583828
322035 838238
403334 253566
264102 808358
67985 926441
622182 454443
553088 224457
935337 142385
458397 429866
1797 795907
827413 848677
161805 203034
623539 351974
756732 974787
784089 499681
20081 529747
222196 3990
569465 276673
884380 952423
841744 264872
445607 968907
478200 15696
619219 634052
897366 249075
55466 924757
869670 736178
836842 264326
912439 640124
688465 425701
375207 622080
310290 754981
993226 810820
670084 5082
878804 339352
521429 435186
668811 265464
670221 989764
682135 949993
726667 778086
344306 218580
435178 384026
218473 404612
547828 253866
703027 363354
748729 952746
45194 77489
11964 955170
977850 993884
56823 639945
262575 232249
576652 366424
411826 611670
819404 506084
526302 340279
682620 32109
268382 638321
552164 948138
306194 121015
38907 560893
661929 433802
804270 348078
282782 713140
902838 665216
118792 880057
297414 208328
130520 290426
898674 257023
295037 924929
427701 277314
518632 627446
269694 233351
329867 157585
783202 914766
204855 311398
233351 996158
949131 191841
735704 212973
98316 683625
2592 308708
938097 628597
941288 760234
127408 187686
405490 909365
259670 292966
297581 844205
982762 488900
681649 140473
946205 784568
256697 810993
419274 686865
501129 512875
99812 999963
105962 882619
962051 758260
354435 402740
61034 326492
43969 435222
33673 667806
262370 384310
653910 624944
959509 504983
441269 596010
670340 592060
653667 108914
655477 405859
823396 718986
438660 771401
796773 204871
204785 591598
57767 747459
198035 173538
829515 753607
435358 728693
97241 693120
945465 215258
130689 363119
130542 434953
152081 576585
70176 417835
189089 989286
350302 298544
237292 294964
803463 76651
668808 589646
856413 257045
335849 441897
754397 429890
620662 511946
930256 678898
844489 270526
724338 164678
711737 983321
541372 926221
37239 112178
593803 226234
804328 741028
95833 570484
445014 988581
833487 147425
49384 323534
466383 643350
491272 151611
269608 859742
103763 768292
634590 718237
655705 902537
514780 45497
444419 99862
343669 476055
988681 156589
473802 123444
590467 121640
229973 360636
10265 792241
892431 438228
959373 763547
452389 869478
982136 764657
789174 643618
874253 488853
214341 689569
603313 426304
27100 919472
938095 660639
638564 968857
769454 331603
804151 837245
71430 313363
418445 36407
103039 79659
792832 471594
866090 186587
980217 771711
994355 749217
49354 773342
193143 631663
815269 35081
703187 643137
612840 528925
812720 778369
62801 345815
332656 776222
574422 794974
378442 15888
577146 165416
69960 974099
376767 618874
812956 33956
306189 797993
313543 235918
939093 498111
439044 716321
244973 414270
947991 364633
962628 138172
397573 3039
691213 671423
924623 495268
551406 399691
599732 413853
118649 579409
529910 131417
600483 115119
19878 555575
36085 521294
479321 646322
731032 260747
703216 965250
82093 947946
584408 205631
589533 926159
176289 89663
538366 441930
810781 677793
414063 762858
78905 873001
354962 383195
879488 68752
209894 908197
360775 967268
449954 141813
34336 129905
652453 949406
977327 295703
700326 260172
559016 382488
917918 225791
446371 855378
541504 523805
537992 127110
723964 573735
262301 634963
487942 885555
391692 685977
805222 264296
609014 929761
559680 961133
115351 767172
407745 430265
834570 423864
942809 814587
104464 871968
245223 901302
244126 150590
89409 891244
809778 265873
402603 81334
830990 764000
4331 217066
835073 537056
945672 841973
89891 473030
928336 145909
529994 480091
581163 979755
529583 724462
688388 465516
88854 392158
752505 426273
157834 450130
795304 224679
184539 646102
383139 531101
879187 848821
854608 106852
621081 795169
870951 532571
275897 675657
359284 191869
483233 714370
874907 772134
560027 945481
512252 931254
623136 550628
627853 161557
547720 386433
604259 546102
501837 668899
151797 29029
586238 458613
591962 103476
193337 554717
319785 176304
267151 975250
604614 932064
395743 104612
291932 565467
645435 500851
72977 136002
366379 531938
873898 276926
789269 410005
483376 178883
138348 464930
292568 263310
74484 558006
485672 425202
926026 449514
182954 353753
518366 871560
78675 999095
54454 514881
169861 784574
517598 900578
120227 761253
533106 81246
773178 437983
965821 607330
772054 733370
20825 178897
279125 21372
998827 907656
364482 175149
70576 105889
809256 652207
5324 676937
973070 635353
259804 103763
773596 823873
82236 151562
742505 786482
87599 23666
537549 543013
928016 838248
886215 215118
473126 355479
755456 757356
522531 49366
947369 321997
696233 169553
34748 934361
960377 846579
411681 972854
141473 252423
393396 489619
547654 63077
598927 239984
261318 572600
863683 671740
681429 973928
504289 266241
198619 362540
732517 536241
845494 464347
946010 57664
417436 357702
492665 515569
364125 209045
852528 813503
561356 790632
91073 481873
971847 582319
272235 181832
369012 956256
403600 584950
522759 883338
204309 975913
386964 306129
292213 767530
468337 829621
888502 445042
419324 429295
727925 558745
649319 547918
990324 97615
555733 594006
415641 254578
907528 906314
261997 273453
546959 34813
869489 714392
434664 985450
515332 879787
176072 672911
12402 792257
362736 740764
884902 531834
403877 919599
582480 153713
552258 563909
504810 251261
277765 870872
663734 986963
63509 868188
814244 699220
586985 205569
24440 286711
993394 885814
153714 658887
314970 333980
732573 342585
743227 430221
799786 361464
986559 170045
266009 301451
856541 981775
454283 212811
517165 735840
220480 457042
673909 800121
617129 185828
755007 191539
566440 530961
18630 543622
100441 804529
301780 976336
468057 980803
696665 876159
764481 235839
900163 769355
668045 1421
722259 684568
642319 467138
794538 682486
412883 272994
605233 583019
90573 32599
100861 802849
487289 665750
304893 883898
734860 764943
845799 677339
389153 280217
219283 266869
148423 356105
595446 932178
348691 973141
934292 674811
120074 250304
208111 232697
50486 409111
637333 353078
437999 940229
737857 567168
100606 94799
320146 410912
810567 659560
298168 720960
397915 846654
920010 397856
4898 841215
255260 874510
822855 526025
946180 239161
280899 365825
308593 731129
11245 952584
974802 742226
523711 161397
968251 38697
400929 374764
220003 906557
648871 321447
802095 762753
497705 506030
689561 123705
339349 524081
693999 443377
52513 562232
190236 743657
113076 513023
7153 655108
899670 83871
37316 387842
818013 104964
279701 42439
238096 934313
249498 685904
806401 88292
271577 679327
39962 630643
114855 30913
858055 645477
111643 997750
327457 495376
738238 99447
109195 329716
54322 885771
75074 236571
73204 440200
173108 35197
332606 192350
899026 964169
785029 928397
474575 216592
769451 571470
666344 129019
904331 273849
567682 343839
442242 990882
738475 161984
205382 948639
560024 202645
915315 431731
433335 873641
700520 883990
527385 680296
270738 648852
201709 119179
375253 406665
906515 432694
942494 501887
482374 998129
508887 118785
69901 422622
74500 605092
370096 538913
994512 494548
718308 693513
420185 25579
563274 194774
13422 828062
182072 432237
237702 233952
579120 945643
85025 74205
179586 607479
722202 767421
668363 603501
362079 885783
892751 860484
921174 406627
670586 835684
498105 864824
635830 961996
23296 965267
72812 657417
44255 560143
856725 185847
200271 194707
57285 890933
329143 210516
469669 441173
736950 98446
688349 878101
568323 93908
373061 299567
239796 271727
481666 711573
306533 98345
195517 633366
790201 266822
991691 326372
158048 971999
898308 160355
551000 153873
587500 188012
242845 125646
131683 963048
183051 100930
717266 774336
713495 991421
206222 411584
856893 399954
986073 464272
628588 642786
322195 898861
980140 252486
384270 440331
34250 993969
624712 908505
501202 120849
906139 103163
551491 127834
803413 569600
616843 21986
98281 896397
469424 314902
17333 908342
244285 953467
175699 191569
103605 164316
922086 659154
854073 989631
231133 282376
62501 138421
371863 44766
964982 468286
659069 720021
480426 856868
834405 169600
152484 877539
818280 440475
302109 898456
980605 573829
345629 168655
768267 232501
639273 627956
233599 611471
218483 632410
544752 570704
506280 417623
807032 898687
854459 355675
792414 580349
564167 472575
994325 91681
875943 446284
464696 894303
803965 852593
953807 256983
556101 554713
9020 511508
829024 137524
102032 268550
640089 471651
999425 455213
825654 963798
607415 588450
735691 464197
918590 385722
865243 324766
531768 747924
229846 143467
179649 710477
147134 115737
6358 334459
6231 473693
813466 703399
74254 425936
496680 998949
410588 652420
653020 807626
581456 558890
482067 41155
93566 508103
730715 37908
703778 740579
880946 98742
42208 290360
989851 849426
814979 380003
838539 58253
908766 588596
629485 330653
976613 70693
185338 54013
317206 573760
200520 861855
499998 925605
739681 921811
862538 797904
6598 128975
114041 101347
942838 921257
318378 912504
352006 260935
169677 23097
431324 338362
335963 170225
590441 619333
77036 44273
535608 949532
888283 567877
33724 31642
942301 359744
663268 639505
802204 126899
384870 385744
53888 967443
416881 183607
803454 823413
693940 982515
332408 77160
493200 195492
382574 336987
995359 760618
439401 936749
420076 119379
69231 328053
440150 360233
212809 863449
249170 556936
25817 996426
795284 763905
196421 254422
488917 500027
294733 864012
678842 69903
428821 561350
111803 792111
594157 48841
356826 953265
323526 344670
858871 69297
104815 163090
786484 507415
813233 487017
887736 100663
553853 887044
244607 480663
385110 639786
867935 353283
390664 389950
568085 165152
726633 187430
891817 299569
925447 330140
478997 916963
773586 824723
759341 389146
7523 86143
939880 991699
872146 339777
333396 669488
455888 246319
735747 156491
521478 278609
859579 461099
786873 429890
132062 841054
365422 485845
821846 485073
415367 626554
479242 671624
290506 283124
244310 771492
546853 342528
172939 999280
97314 85277
171473 136521
404745 281992
267031 661303
905564 596353
221845 908334
373615 580353
821316 71659
98348 875251
371183 630336
260160 497196
938814 789845
287500 484678
220614 697502
629285 509044
598324 319820
854473 814490
495800 979584
331076 711810
676759 411028
407028 42170
453125 232902
602430 360575
894255 198461
971220 744238
513933 546081
840531 431781
821228 77981
178770 632650
57509 765011
265730 483723
800124 690917
945450 105408
188 746629
354022 113904
77351 99968
733369 295853
198639 598204
104369 305349
737520 159626
851611 330220
612731 347637
862178 495259
537562 62407
841235 771888
900176 232211
959100 618834
984130 790206
456052 976455
305729 902934
690763 730164
664243 768958
897799 122017
641321 318544
830398 744952
730479 990011
464572 400866
965013 851642
333875 373736
67361 848080
42552 470188
462149 341715
85065 213759
352610 330364
729095 694793
873252 944952
338600 833222
314132 869922
232422 338656
402000 393393
544404 130476
263827 895359
181859 656296
197446 398482
712113 551497
557618 664358
286417 837042
777062 267786
414882 973992
944417 175932
93879 691892
811379 35229
408504 808509
493512 446814
715574 847967
416456 271172
364625 90839
465475 514310
472753 190972
119812 959548
578457 879484
338220 278278
379918 774847
400642 158875
813712 247617
190175 68065
385853 332749
4767 522113
209057 14548
478096 713226
194659 500295
493477 357522
573728 367297
554176 836190
62803 831392
898137 405869
532678 104973
326803 704190
253761 194530
723469 911943
753964 487712
938520 942669
933169 54644
275786 256665
656467 589932
872962 408752
455806 699180
694132 996752
81638 69578
655099 880225
58327 540931
882921 161774
462506 229373
15883 57579
192559 235088
113123 307754
797965 953231
471415 489840
225640 506430
299723 803419
951874 401708
599506 548595
442457 896402
966018 33381
930784 300522
448603 308708
259031 268878
256462 253531
705201 589096
496346 187396
520587 914147
571742 681493
410733 974598
163105 404649
75574 262098
153788 258221
989300 378330
458227 12015
649331 485652
886411 541091
213310 356937
573437 34701
709391 661759
993899 955917
84166 366198
10130 378633
187017 754902
783197 523404
360943 803481
239937 491122
333691 170630
870387 663988
832194 379306
881364 814852
199956 84857
302717 330399
680594 758526
269120 631636
768308 748741
577197 779600
388057 903068
604675 921515
575151 194260
187532 64738
428142 969725
132559 699922
485593 734618
636802 877673
994345 672764
288487 464773
262145 420139
735307 841148
616842 546920
8628 760744
841162 939220
519412 136616
176522 466581
990718 206882
573495 397073
670942 760059
159942 837791
340429 893771
592485 493959
223884 715011
147073 863264
669927 627874
676154 916452
830831 443787
317896 403169
470852 416158
915246 42411
552419 651948
687835 671332
1264 506309
141214 251896
355659 963157
305104 781238
437119 122110
428502 867345
232392 18947
426524 847050
459209 941070
239213 39029
405511 108530
278993 570668
744346 100013
858053 782447
789465 985176
740669 348153
347938 760371
954131 47749
325335 657895
260870 782117
172572 490563
566719 664460
976924 295571
761247 209034
273157 157886
196584 944985
432934 892098
137449 776481
884875 876949
957583 493740
773020 301466
109779 478601
258224 154150
457116 108304
608289 185144
865179 219706
740813 396872
58392 683479
978343 801063
459064 88617
379078 628506
738322 923058
707849 179952
838887 171938
710918 34665
946726 709669
132098 305199
972999 846586
499757 883019
906467 591157
485814 581778
808340 594336
7977 121674
731701 380729
385159 840266
300937 441455
338710 459968
628927 231892
111777 705071
231395 389888
612678 198217
217629 342458
114342 517924
502930 690491
537332 906919
766408 165581
688511 709914
714722 758881
290754 149055
497298 793253
261611 843846
333259 402582
908691 93278
891392 861836
532294 32945
253886 585319
913472 140151
889199 309239
279209 640436
614180 77282
133955 545239
515484 878202
36979 836630
223519 261441
553679 167518
555338 874140
778974 984453
583545 981516
836139 692068
365446 391577
73676 149351
105776 23371
658607 897543
966131 616497
91279 693189
333441 389322
908121 231523
416531 106125
300795 833692
144007 47026
711328 969081
167398 645578
490645 391948
683976 876493
186822 332054
597634 983934
782783 133329
971202 251719
647613 393097
6963 539842
778092 337301
89235 158697
356487 123991
354136 599063
733564 460679
989702 755079
980450 878351
959640 465184
684274 384403
22133 2667
182392 667391
697424 829691
202002 955951
277778 176976
413044 198348
588294 657375
908389 300977
208595 215271
476152 145108
20728 401628
120090 432900
397738 919082
552886 762858
878536 881268
461218 337474
405395 561900
277588 551960
155480 11771
348712 864158
224429 297641
436250 451933
980587 590302
429393 831597
412638 937387
539856 178030
436601 774554
668622 600264
14199 996504
832134 909748
448678 69121
276646 944733
787498 166290
170235 910535
775389 411363
610468 906120
145100 133654
658077 191309
843100 876382
963176 140792
69596 785037
685635 383700
597986 958307
605368 382970
443348 956787
937516 98921
410250 512274
261411 504184
982082 793404
95762 301020
111168 360909
344303 271863
353767 917959
633588 628616
67436 546185
882470 703404
92461 344412
7933 791485
856115 700749
422901 599961
732660 577501
931039 651390
733632 39391
413745 988258
205867 359605
37283 470604
220781 876254
626971 711478
766228 366713
17668 675265
301597 320734
705725 163022
198116 621004
949494 790029
173159 876371
631889 906853
130109 420390
402569 372419
484547 730792
347880 375281
482812 799354
187795 926366
533807 482402
956274 5300
439212 266991
109298 61730
38871 94979
413646 938326
224061 287774
44376 746330
238869 728549
436261 462311
646346 259566
307986 993065
529611 461863
194060 258152
328645 437597
934911 443624
617297 701849
663674 694277
289846 515432
654494 928168
282102 769158
532223 225763
590333 370156
672157 631341
845784 249575
654589 747962
861789 449101
968398 780266
384967 309581
421048 620955
998509 442070
260574 379370
839854 580193
754237 904882
474149 637646
865691 102182
85654 820645
273975 211732
337312 22816
687717 256670
716670 821438
374167 781942
690137 24766
541613 228761
81490 157973
808251 399402
143305 33673
86768 545360
516799 713846
447674 414823
567237 561203
900350 11365
593241 712222
930225 116225
46578 778119
21794 339110
345035 658643
451209 252002
190793 697760
747399 649999
671520 672828
594886 445649
954115 298777
934586 375260
415838 796755
169134 619439
832797 191117
545468 738717
296590 487730
369014 230919
738954 905133
558330 2311
750301 733666
875473 354143
530651 221869
175765 16078
316577 603757
675273 789155
678004 248363
94274 219045
895102 341513
58291 976035
541801 7425
207161 718686
948608 801244
583701 969553
960047 93
827877 697006
287763 26249
265025 685594
795179 479860
646663 110476
157233 544378
472770 45906
658636 618193
773391 493760
296407 561298
524822 315034
470852 417908
711814 420729
643341 127380
810267 444714
677118 279340
622691 853452
820022 358703
845868 867367
479021 13199
918248 645478
388092 687098
237908 371028
559919 977343
156897 15949
946074 136195
551715 896794
650786 510902
268027 692698
180077 210728
410884 37957
767226 370697
577149 261257
104233 460816
993191 606149
670254 447988
532546 816328
554801 485861
974570 254642
949048 173674
926104 401491
401673 889309
108546 392438
523344 242918
284190 270471
753429 958925
408727 469393
153614 494491
303513 18434
887970 368752
795693 166304
425913 27715
382524 627901
352387 859295
220048 554389
851103 72503
64033 949162
948863 863388
878718 466966
203368 553787
141288 42680
116351 344899
648707 516033
471118 644436
558428 385672
998857 733257
783471 270767
536968 127111
830451 473264
112875 896284
859120 410818
909439 436663
592163 575858
386550 520685
244619 189760
634181 687844
574333 856653
538379 110633
872162 684695
583520 511014
657260 128662
131869 200290
437097 412700
277259 108221
147784 259759
868905 265402
282660 994654
8221 258673
731353 713058
610468 760126
243208 684569
268780 159534
742118 735286
425643 832783
380439 190125
460146 942340
372205 879900
936098 365602
100015 157597
373369 816411
243925 561627
456306 312775
260323 289039
658962 722014
865601 723474
276061 237349
593816 828625
503835 754938
456717 113696
149775 62622
904800 698173
260593 189594
7919 658498
846330 151577
62754 580501
165808 570195
828650 689051
377208 774069
207738 677266
719892 512969
636906 548245
645816 390750
547612 770810
55521 850801
892097 914754
186658 612189
25514 291099
589596 44225
689661 479792
748756 863412
365174 280939
658889 541427
689266 380475
783481 326112
417371 647820
739631 373813
480706 200081
631278 149144
8689 855731
88446 909360
294532 703
562415 76423
641156 20271
526103 316478
364586 173252
113093 506122
425972 552861
79013 721749
90340 958128
846180 438581
48927 722535
608312 380755
414089 547894
168130 968759
729578 394094
308748 492015
113006 395086
27321 771697
566159 295713
488670 518295
58677 396058
809632 541914
822467 285528
281598 97827
206798 995241
784652 712277
910871 112096
684255 851539
850924 300476
127618 429260
762957 747279
872322 796510
512945 776666
812928 158122
946853 423707
359056 642943
238410 856361
232392 894052
681359 144783
97859 97637
748077 606184
872839 797928
511824 448393
843580 414866
556754 358736
966055 584872
827516 190329
55664 232990
495257 544824
423047 908136
72330 858131
725770 471361
561901 347341
851451 570110
681939 861554
208066 725327
950819 27405
794914 262082
957134 776479
431454 37761
25064 938228
956606 784316
43879 166011
59858 708190
736521 537741
342532 128877
198754 793785
498426 282965
569677 947817
20569 930453
192446 603062
804238 27199
626236 885667
674768 471419
649391 133255
938291 391753
4354 922517
439550 86971
541937 244191
332097 783280
54993 171363
917751 920588
536896 276419
836849 566282
564787 701773
403482 619733
548271 289331
297412 296399
167007 339646
398760 501265
640023 841685
107742 93286
38515 245745
191880 984799
225572 896789
148983 150061
874434 190875
213562 622395
942763 32197
185858 770806
770261 508990
787035 35031
275512 588032
488140 296268
688566 159815
90184 920950
444123 931246
383175 779241
840179 348024
231732 287171
668393 609160
912563 963591
870595 242676
518817 215218
378679 765037
640741 178907
31856 811936
427226 191429
278953 686698
434636 809531
655712 804970
379965 261471
250193 747515
786350 750882
458840 125328
70631 223597
96030 957449
69936 782266
818507 932497
666859 702205
815451 759154
692672 741968
414642 770696
600211 715630
348422 722548
365842 443594
730566 420637
30684 274647
252970 731863
325161 158016
217602 335658
265912 532409
393431 754802
247757 975686
659559 510316
948568 29342
757393 289711
476050 886759
632378 911051
234746 669108
865932 939715
655566 94763
68503 62236
215259 255587
535170 40172
368582 197111
611489 823333
222596 984769
138519 894415
836249 450164
235033 355911
357256 760613
906947 109714
216690 921763
322700 962107
281746 352802
180260 541370
169526 648192
410953 780865
426837 97897
332120 210121
553367 383521
456986 792823
499645 644628
157269 894805
443452 109583
926199 35145
246961 992054
454878 972884
781104 714543
935954 66353
655246 714108
277603 37021
529014 30709
921146 836551
981699 808650
461587 657760
175644 566456
991795 860936
318888 571237
497420 171617
551466 767428
12313 686766
757515 768939
78103 449685
442746 488181
599731 276759
295424 826206
467940 667732
450646 353047
745683 477880
831311 653452
756148 560962
538 981050
866574 521674
334354 981872
280829 188422
682652 596562
728960 531643
21472 923309
498959 703387
470816 304340
301159 20466
372100 92356
796045 304671
333693 883521
629843 969312
935003 67355
875133 436426
613226 945792
165811 89810
856075 656145
539509 781810
94357 541767
95631 913126
372785 931897
85365 521351
656095 550081
453994 142078
449326 237161
102782 898668
577344 630134
887563 948247
976233 407707
894828 221168
865019 955058
762154 938168
425713 921719
187233 420825
951527 868517
970908 586513
72886 575924
996646 450083
475190 210880
552504 618344
338126 816191
566152 297931
74689 674628
400635 20189
373194 184398
838707 691072
134762 183843
292825 882451
835518 463965
459308 722113
120324 705178
133486 640485
242739 636177
903543 483525
527392 801529
762984 115650
50920 200108
85961 461375
927392 748445
475682 26839
69485 534133
32104 289065
308795 348668
963359 709165
453320 820146
488173 678104
683591 402683
487168 562480
470440 926607
475025 429166
57285 630015
598275 136420
551897 460505
17777 34093
899995 925984
636734 880820
376402 875363
84298 985171
596078 424671
289183 232477
267556 173003
206558 172831
822964 284601
514917 352802
839333 839232
350450 88557
571841 668783
633769 212811
146145 896607
873897 740658
761960 810233
916828 684839
112577 565434
782569 837713
931759 999934
973163 190786
122549 616405
837052 738531
467618 607477
442069 38456
293761 10933
684589 946259
491659 80837
714133 472601
123545 272225
707455 488616
825069 160644
336004 133632
994701 387168
527642 516020
450145 64621
986908 663589
102695 152328
334794 217874
712618 804479
244350 914159
651528 375328
47171 769389
496995 604
17862 391091
350132 1368
629525 266190
53676 311987
635906 366267
691641 408872
140638 678599
534558 981673
243661 49164
439627 95005
633534 165630
851936 446727
524737 941119
595801 889328
108250 467990
812354 862433
756653 960302
264836 853818
894401 540179
657436 588947
251333 121536
497035 739619
811298 119880
969897 163153
433250 322943
764348 723204
767655 732017
317941 898744
805657 424350
514473 938245
147457 909671
736249 657781
890454 838148
736724 995807
432907 923690
234016 492854
870503 740489
952221 508308
550791 793603
44217 839801
354463 646087
737185 43134
592246 611203
114595 820986
494019 241208
351460 843804
108604 3849
823373 865884
747774 795329
148366 417905
548747 856181
580283 768897
888609 454642
774594 529336
907763 912721
859552 698591
94303 895838
867953 441630
261804 464251
577933 227890
92733 771392
450974 822892
893118 150318
994076 115442
482982 273716
328630 234405
941110 202522
578752 992664
455195 727802
374054 9081
622912 326455
346155 270071
548601 30977
904670 695127
243196 832383
45324 840912
179038 103313
428038 675788
8696 822782
805380 954146
272327 85256
783011 646974
27983 698470
253613 16919
948663 169751
677812 519019
919660 869379
946922 421768
378013 316703
124762 787905
752092 709778
416423 334072
800415 416311
852180 745303
732019 185508
500029 952103
871035 743716
246397 796175
25243 458326
768449 28662
882439 213947
71485 696862
145964 642337
855728 207842
908599 208229
944022 995879
317858 262904
913593 187981
272309 546955
268757 793964
381204 889971
326598 630400
18500 621217
122202 245725
635605 405979
770199 387807
243222 706998
828432 588921
554945 298702
468437 484933
619752 349633
566515 200280
727070 610576
353691 334663
299278 638239
438968 49053
428452 516554
917445 761740
757122 176584
911130 105529
198286 41173
615883 562468
552609 106453
150923 731313
870485 794494
631007 456218
125208 495834
80088 255353
784879 400112
300609 538277
899906 417456
991814 187066
655506 411276
240081 266078
934532 95210
260658 919218
799944 46751
383739 585815
414524 537559
871544 458562
461788 161640
99237 400901
934493 175614
537819 800916
306388 244593
689148 771770
765970 412881
249486 562444
829999 660244
525514 169227
695299 969421
47403 958202
690021 817214
5547 673222
921379 387780
100811 320077
237025 16415
788765 771172
686327 384380
580570 606321
315555 916674
902602 124550
273249 880793
722732 583430
422568 565105
491439 436325
329489 702451
253087 819524
596818 582853
807419 136220
37047 210159
447945 580217
753782 89597
75231 377337
961626 916905
997354 710373
861682 302350
970061 946736
853768 384056
500486 63846
845808 87112
449364 279162
443018 222323
11076 354717
917135 835627
666198 522291
496084 326561
997125 606912
480095 426854
293740 405981
902237 893324
662283 511918
342004 708195
831613 448300
731894 527607
783023 130131
372539 456884
79751 168101
385489 727628
217463 676904
839081 498015
398780 64337
334431 768857
658930 509339
594176 473900
576092 971144
116741 839016
44797 533435
505078 810045
659829 889382
765821 143058
777086 579737
17392 290502
282839 879471
94200 325304
268054 788247
843003 879784
339650 688587
201091 229287
848740 15443
926636 401130
77985 250882
557806 218704
400601 836431
125107 111812
2443 104185
742516 405540
54211 671721
353593 186666
442074 617909
307455 453821
556221 364805
406332 424803
403948 214873
249100 359036
996729 957548
53200 167527
943089 700548
572651 110185
356700 180279
202401 578363
115811 660216
171078 457788
599958 18874
972072 603394
306043 410019
823035 305966
599752 547436
79988 175396
846587 305336
927470 699859
761123 837759
866960 544886
138763 516039
66358 721655
729141 424172
596862 646814
5032 817709
333380 738487
966778 966926
21793 126364
184258 853596
869043 249482
173055 521105
98153 398027
397723 575789
160245 663132
512251 987935
779044 921141
802796 630578
578306 851022
373091 779633
624102 185676
739002 640322
520500 362392
215153 303971
622416 264689
80502 53230
278353 607474
44088 387329
22254 808766
924482 87642
762862 467272
892085 666757
448882 85204
544112 185328
88861 300758
559752 306119
132828 396981
821797 284228
944945 422573
484406 491660
542846 848331
275292 562877
982058 638144
928898 576185
731730 64715
99727 679595
865270 39495
943647 803580
957385 700850
896163 537214
909958 474082
5184 703104
631689 43260
396643 672554
930639 799838
475532 567887
916282 973563
937163 677493
237730 888418
464912 188696
485882 491339
667186 34399
381918 169729
85046 170939
880591 756563
968389 425096
727358 122801
44848 225696
430869 252622
579053 861422
902715 800850
111393 365597
818842 271235
808586 237628
803628 83824
407169 668765
489417 185857
835505 167318
855852 92125
347711 205513
22651 814657
831137 750125
680740 933815
565542 203544
250384 761232
739795 961245
850180 173579
748315 466382
522831 527853
737333 839999
878623 183585
527467 312967
770971 758673
642318 202055
458954 910101
37642 930375
660502 236410
720691 459802
585365 801566
20990 383387
314548 72962
587582 771273
292393 402080
874151 581618
408124 62954
841208 126592
935044 99051
254337 271802
257207 606550
917906 319647
685613 184594
835044 718125
431287 669130
892820 152685
441328 30582
98742 347793
868927 673917
959173 32699
423516 72901
855832 94520
309668 639468
657978 102981
684468 689329
39728 634690
102014 113608
159258 819562
972548 336512
295419 847199
154795 92311
420120 730853
496938 427706
905680 153215
277449 827766
816392 560140
777740 105036
791753 871981
805588 681105
52277 561859
145597 2855
78389 940214
242084 722636
847398 915353
14395 565286
152921 327324
931163 662111
689740 392927
862690 896541
828303 151895
438402 887840
389056 498405
378341 542475
166009 101794
71896 197652
745079 92773
869343 137027
928247 434902
256162 371359
53165 792876
708505 16133
229632 568772
473904 24546
103041 387825
944845 625628
291085 54191
551825 424491
8525 215017
867108 435779
319558 608389
260366 967920
141333 276205
851233 144689
133349 294479
77016 358981
193697 194902
404326 395307
86639 984014
579818 965773
196548 520431
717456 239992
804691 120944
693818 248782
235750 179318
977272 883585
486393 568783
386986 190448
827598 127786
967497 875290
91710 522449
449171 765581
995478 55496
536251 581610
165812 852363
259274 501832
406635 505322
349786 978823
777406 61618
949526 645838
577349 369160
861280 864376
69377 314491
330892 226036
149223 386863
974652 627931
710044 817338
432321 979669
216618 153417
787198 977753
290804 631855
316034 72764
431646 875615
336138 393387
807006 342502
970044 785301
750990 666062
223759 347124
551588 519687
787135 666008
196271 545586
370855 703763
283437 287669
81498 976334
879791 593289
874216 153063
76925 78562
693921 692780
792176 876323
39988 184306
184792 707632
985718 813610
413227 392618
895583 671775
60127 418857
854312 306897
414667 567419
131085 140674
28659 306238
540285 460522
291491 279342
126167 384123
531967 20210
812008 380626
9061 975171
533083 604188
628762 434688
622235 467678
332092 268103
859223 716206
903059 679227
284441 550573
580996 593684
722767 864273
658966 109749
156311 229834
630343 821530
667953 182659
972228 299994
707345 757312
142048 277717
482625 57028
87233 340425
730559 94558
146517 735417
313124 951375
561383 380565
158161 589773
227972 177913
576833 413769
817934 504940
261856 273792
96305 572180
777088 368519
635029 89664
263321 761119
551269 664904
201955 574212
792059 563702
998312 90133
609332 784937
282954 610202
482465 316539
261571 193341
745500 824892
641254 659680
644886 69429
845164 482701
58462 72618
65653 488234
755144 365419
667555 785968
72882 481054
939778 312132
413388 757139
