1000
919552 715398
404038 92994
661966 986399
218703 739248
59812 286820
636452 971160
766704 195169
358723 683808
513358 70622
185330 517590
318184 850280
63941 532646
462861 256836
788133 62977
290450 851770
914904 670891
483001 671579
669506 316683
191228 112403
694959 898116
615226 139174
265872 105928
588113 165941
84782 760719
903417 380203
918067 298590
549399 109310
931950 678696
243419 482255
628013 868743
750096 263713
770177 758509
402135 43575
488247 953540
747968 338746
15328 750059
942123 79152
783678 422873
896259 83057
327001 110630
225689 736486
639303 144321
648978 548937
521661 801886
431666 345165
792762 970337
423775 899389
362213 615249
230946 906566
86304 737732
453040 909568
758403 295926
259959 33720
528351 72662
68940 101071
724235 929547
779300 913203
62645 318055
214964 118352
655452 694531
707090 494871
836664 348621
309958 664010
950393 161450
579705 472563
306567 293573
781249 682272
473736 313783
341454 419978
621596 136162
512465 657708
102881 199485
617277 320124
32955 978467
326487 271140
291766 661958
209310 529561
84732 699270
404317 748142
878452 734771
591546 639681
227881 156023
391351 327132
481030 166152
599652 334972
339693 838237
381374 15508
946210 60305
146509 250502
941837 911821
953053 256972
357012 388940
706820 818088
174211 175173
956943 431393
474325 886934
965627 369586
873957 402951
871365 703872
166709 658437
3875 128070
392134 974706
446578 238336
657503 307931
987522 994279
837107 316946
451146 360170
297976 563815
524440 994637
739141 653230
556656 965585
364716 920045
421756 121369
770340 740300
166732 861108
27566 674717
708533 153544
681998 462092
871147 640354
255364 393593
154034 693784
949832 554774
116721 757689
977517 731286
903679 852489
685601 197119
430434 529215
898045 99169
243359 677234
871653 33482
631392 265117
933215 520030
518162 346942
513335 931727
297373 99338
124453 16643
126309 700191
166431 591859
358444 196884
426878 523796
73187 819030
323469 589452
752898 274366
71605 236599
234644 248382
427023 977924
71759 554798
727195 607651
269946 390208
674598 145774
41655 568934
222778 123050
651036 876243
482920 832343
260016 572292
194012 675699
666076 824488
19064 390748
405725 103190
415534 470605
948863 200850
405460 174091
81802 889559
583492 108054
385279 600257
489443 316354
887322 448179
322496 368574
740542 61919
845206 287663
736905 782460
464088 866793
819807 509699
431495 588382
970941 57437
35132 398962
244951 669503
381132 615595
45781 845146
745093 977001
38460 32535
356742 613542
942609 901890
390491 848581
982954 448776
750300 316993
303225 119394
880887 556632
362625 184414
816166 890399
618960 35113
727929 695555
426686 245267
123386 250651
81241 700472
976099 151421
880400 983881
824701 489211
595524 715579
333458 740264
750881 24508
335573 972559
477924 915849
263690 436801
567043 529091
354767 69602
851964 305561
13813 136361
523304 636528
63576 26857
578746 46431
306465 605587
122460 437923
923508 697640
228803 462022
705978 819268
248816 335439
184283 839962
720516 863962
741269 390796
567404 575525
231398 984518
989257 432479
626186 236202
232567 222776
502974 833054
847247 671849
901769 749389
23181 479500
159573 541819
727741 273508
735782 709717
314741 276526
522564 926112
46212 466748
948088 75836
221558 893645
403484 580600
643392 366170
884647 149011
731003 425895
965110 803497
567558 586629
683573 931790
702798 499476
797447 471285
468983 204706
259878 846796
538252 173443
500394 252067
762083 864534
981798 719283
310334 662114
189441 71743
125562 622097
548126 399733
246478 937675
214744 864703
668271 231009
736470 474811
326043 402333
255354 148360
856385 10727
621141 735752
771106 689005
216848 392242
790772 481228
388684 963352
233908 331923
712719 702465
850670 562184
969760 96189
641347 267417
603192 41854
102975 990782
631993 503412
267335 806748
853686 822198
127528 852802
383342 505302
919716 424830
948180 247410
595023 797374
998266 617419
912000 480630
197665 713067
253773 325516
784397 31911
935953 911005
622999 452118
597447 488626
639890 155390
252498 921528
374323 882548
32312 466109
984898 26577
588260 165617
11044 461120
155740 66553
590918 714250
490444 343860
295811 376900
365071 589292
27817 292875
739361 189551
95950 930529
425837 25587
189953 22796
962159 607161
754968 781851
250605 278351
272590 125050
438914 438123
96172 766785
195515 669565
924563 616589
122348 292356
428120 590470
686124 9566
727848 610355
835829 472582
100706 789618
907442 772037
82793 906865
22813 180822
715280 516182
610433 943307
572998 484667
810123 223268
248806 7603
251065 677080
554855 366007
826776 916331
923477 483135
731531 808828
645607 709287
328111 674807
818105 783447
62377 841306
524355 26488
421798 290762
136724 715644
129551 205828
675557 342524
909816 69432
776416 991422
838184 970220
824706 356110
375255 607603
97548 954160
757609 331962
118355 503879
205809 155871
497590 637085
488981 903826
191134 12863
87422 444666
991092 737933
674194 348382
296208 871731
679434 180998
67297 269081
586961 881796
148953 967822
488698 84197
562009 158786
72572 515237
495990 800449
46148 391431
625800 902003
366078 801816
163126 995283
566386 583705
362676 494510
960136 954199
996061 415448
954058 289832
489850 495530
804238 918601
101952 128152
279744 996158
184188 303033
893859 842157
636420 31081
110817 287817
282023 313132
120727 23344
670901 455463
324117 77762
751607 34272
215979 596501
871558 371230
775686 28964
601025 885426
214527 51778
742802 347186
511044 784464
415955 615541
908949 399472
335658 826960
246858 897017
810712 204251
99037 615578
390534 985627
505569 202678
774152 747912
996613 148152
175716 532180
983371 996700
560443 677995
69355 561952
389188 962447
356629 684122
782172 452286
662574 155388
999230 259343
61012 855804
501223 91507
160845 704369
887202 777992
168295 271512
634852 637791
396720 292519
449279 84999
250789 258699
499314 479671
576309 379105
178793 359372
386318 136005
154912 241691
510806 9140
836082 713887
394576 380183
442733 110001
307673 387952
462492 844259
259541 124580
87885 485780
91171 919549
217934 763730
276571 10621
893374 550526
917750 328999
653529 440618
531824 161519
469540 560722
37047 356837
763889 471309
760703 253753
901351 650655
793869 922164
940920 778792
5018 274812
108212 418083
731598 770801
321639 354906
14306 184222
211474 658803
35823 378617
818702 47691
58177 797743
583358 199807
816767 876225
11589 527853
453386 549384
615169 17336
31829 476233
221153 720637
231010 921996
795334 742671
494905 659221
837431 305460
954855 336022
935846 456733
469686 183929
863430 609728
944447 185946
844786 543973
856197 545466
87129 385424
244382 379423
883990 932096
588236 214777
773921 336029
87075 356878
524291 698969
78928 218174
654316 416200
63489 636552
464362 485410
672548 501230
300461 438130
998678 33652
675888 995193
301137 510521
482491 719199
160604 150213
147255 546403
137638 661648
28814 233911
712613 838260
366651 662799
132479 516260
838056 354630
201279 922825
205532 543677
659322 349164
486006 988555
225236 805447
622329 355492
211883 56592
97845 893551
41545 455404
340202 210765
879393 578481
439456 920914
553269 393155
208006 695953
605976 187895
800236 199022
135183 781490
293378 228454
495982 202723
85023 574625
185432 260195
295941 757646
887061 491383
563096 463203
36245 465013
589334 938389
510790 436432
517058 291030
748867 313717
358619 411673
88065 620958
614844 276230
737554 441224
354596 592927
162865 709064
508730 491523
239291 247470
507006 795863
8602 609169
493225 405016
264634 636819
813683 640709
250510 564096
28358 9820
391054 562478
138968 141172
502644 296558
587209 529771
506858 258873
430406 703961
328128 291337
301285 864764
692726 159283
735153 694583
510409 685747
715584 747669
456540 336781
836675 516287
718417 714426
75889 457698
784767 630935
381831 368971
9708 999034
783155 157826
540327 617098
842141 408397
276950 608122
478829 800740
321178 679171
759679 327985
222435 195114
827891 400433
312096 408871
352452 789570
233798 117784
994290 268613
388543 660896
711765 968058
603921 279683
405246 192435
106639 804396
81023 512157
722780 358390
779564 286259
935790 536708
823288 119010
166000 37949
133314 306440
106228 876654
180821 675769
606180 46272
243599 326171
47511 835198
927238 279820
791553 408850
785296 900037
676559 374604
834588 759155
695778 932860
16194 173307
949647 949390
704866 42130
936139 39570
413524 205114
813925 722558
804374 412313
108876 5696
109957 420905
294585 193661
494059 351265
493134 610564
93730 986260
7808 465247
356984 255895
260836 121094
192035 808069
504961 577669
567927 128630
284398 991142
339118 445533
207509 457288
991448 858064
317350 573703
606459 414514
137212 693107
249518 793840
899000 484035
73628 419478
691385 245239
25603 299143
229951 336475
669099 20110
544916 111535
876711 654808
5728 505306
211638 63436
566459 516871
582702 451456
95500 625925
706310 61405
140062 981004
852318 748022
293167 750744
204478 560500
973529 113295
723754 910730
955158 999315
75004 8012
531697 941673
948199 651263
132569 758295
103946 467715
624750 424478
838052 753620
196107 379456
699793 543188
932804 957756
6745 50132
533306 935733
795276 146089
885674 101652
736062 164425
324031 647858
920410 977072
260992 176987
980939 674835
684001 211836
901100 969585
340097 166250
624825 243411
443944 114941
747022 629343
810887 120549
707304 594359
378112 109509
974888 324364
137941 534171
584070 793323
425465 94162
378190 788794
558889 711973
517503 544634
452201 729494
257346 614947
142642 286565
422835 847667
160618 914686
999637 948041
288152 600051
717631 112358
629710 406259
406302 560155
183328 345162
848513 86815
52649 440002
257583 469700
160332 985935
911493 543234
288978 257365
113707 781872
89194 892983
743012 780181
63643 215043
130741 475261
787925 272101
832704 704838
156654 239152
456514 248990
514185 277401
304137 796282
367715 675226
349704 778752
353614 158909
714613 78157
394534 772480
577914 861660
401002 513841
727593 760881
11109 948901
290633 575712
501099 67799
643802 707881
85279 565904
470654 181353
608540 246289
248806 142386
789306 421397
723056 441952
867085 999816
118053 227273
255855 305977
291116 328667
561314 769846
568367 651640
804209 975430
631640 702774
306100 34366
471843 112549
367977 749667
817849 300345
816983 792475
490534 911671
571699 166033
278303 63695
388372 661782
370847 494610
330180 927008
237663 397153
201992 956180
437162 411377
682970 459167
609431 255724
903568 243321
788901 594568
444937 24423
18297 767618
250404 988861
344807 665006
784105 49333
269114 796661
113938 966004
236067 756778
304338 183633
601734 774881
335421 31102
29674 80220
920278 218841
979377 987052
774336 26875
849368 681020
361424 920655
74497 135157
817549 730240
829964 787319
850282 961604
439210 351478
338667 896784
745330 312179
335446 274140
939161 576284
354199 716574
869987 565937
980272 541471
359507 721964
366899 626812
357464 533746
32086 627033
856095 42976
617948 30705
241389 917525
196004 609283
904265 192506
350901 65950
128658 716617
476920 600975
653926 353716
482886 940295
77382 305558
210564 84220
451273 872729
536515 574745
404619 548510
735546 135495
905702 718176
164749 153229
364414 472431
666007 711975
983559 442317
639268 610837
877369 359177
842007 518447
770074 408361
755394 861942
609817 5250
102896 899423
329174 432366
619789 978840
839127 818309
35717 741890
758451 59784
500156 274780
306941 880842
770357 517805
319560 712033
382096 755997
274043 949755
431094 489568
482939 390087
651488 461573
432733 972694
971352 832142
319459 934858
762333 123844
338636 164429
524530 942137
239064 570481
539350 967300
30798 272061
571179 969427
872397 895286
939109 586427
620947 117194
100856 693497
945077 535598
652844 846811
845552 146957
255732 441015
388281 512639
763920 73562
589667 617261
768215 909355
617014 193600
767253 225931
539906 313267
389295 937206
8920 548571
585858 548941
100109 24879
653246 694425
787690 941799
491111 73993
184424 621764
315867 937416
840620 285894
776344 367678
132662 959708
328413 250021
600892 396591
516644 302574
913290 512100
582804 440159
760051 872853
194151 540198
346373 263766
917194 183401
848856 590579
221525 989389
520706 891318
493828 798197
16550 582947
53417 785405
631651 446556
343821 169487
774339 687016
862066 912921
551455 735320
47962 117418
802363 684049
523750 997560
747192 307303
976038 353021
604870 324055
953848 475621
904322 281458
203335 513912
177509 955760
125228 170929
530882 824824
216623 981973
550643 103322
902322 31233
944278 940959
87396 188785
440722 614684
101412 607221
807242 678780
837701 751747
452531 238244
407970 975366
917511 916960
412030 180810
20301 245090
424630 526480
820586 629385
378347 168040
98050 272533
924398 526088
279033 628948
61567 638692
852533 198784
484788 803465
885739 99562
996476 117888
830107 844222
255999 951206
437774 276693
928564 994306
255306 563513
584320 73823
314184 816918
72418 399943
834080 335935
579739 451278
8561 189468
383968 479378
833540 994907
884048 465244
766698 190517
799336 39122
561746 495564
367603 557983
378681 2508
396306 70216
715943 128571
931100 586263
393438 806593
719011 156117
127481 618982
912224 910077
866246 780020
232706 4175
650911 542035
552455 238666
693807 944946
913964 757872
607549 388240
409952 336914
854382 314487
89369 136345
574647 124426
702888 927884
131078 970614
121757 146431
883682 85713
828784 201469
994365 218327
581910 503084
510155 971604
831656 638293
679682 642791
238648 479944
919088 317212
339985 890002
136980 565236
269070 922314
561799 649820
797983 503712
321620 710588
241052 291623
746824 256527
794285 244656
949657 575006
442013 788342
910270 819633
381881 243735
86684 684371
301216 192304
949633 927913
482854 767813
166378 983348
745049 8316
434046 745728
240241 944919
124050 52204
312685 873821
608176 281457
