1000
782244 70596
230472 518064
361118 413346
429902 329102
850736 7486
516289 223494
290116 635671
241894 669411
980471 835188
383676 730226
406312 888266
130067 954947
783935 678038
123620 496074
837006 772086
304445 431312
588656 476878
3051 829037
502122 830184
306424 100462
896623 206570
626822 42088
954484 522874
778766 873505
825344 107420
279926 765737
92384 971126
906752 861358
445980 655264
943710 24513
168055 436370
400171 672014
90170 585055
671250 562147
76261 137943
910883 331364
315944 815046
545197 195060
921241 857823
742809 199787
239042 176106
947964 996852
214987 281840
855549 856217
581395 805893
388995 216257
818525 429444
942840 532832
982636 121476
59608 225613
302632 492276
13999 360520
152917 160388
675537 578348
179492 316548
53735 940343
385077 557886
628067 235758
381522 113327
103823 962026
100977 753086
778719 3920
480944 691667
6496 984857
392319 228111
369519 79780
133731 142799
205542 5101
881961 321907
137839 412775
38762 879753
407144 244152
825466 483574
148286 637577
398585 817928
405037 352049
187890 785549
315683 130840
803219 174438
124309 218284
138368 727256
844458 797607
163790 539666
329997 857837
627813 267409
709369 878759
240749 500480
556777 346654
784487 289136
663791 766141
613522 870872
7772 250228
917969 875201
795577 147664
289531 586246
773218 668412
564521 275916
416610 272572
215068 118235
753565 589614
611574 513597
854607 151124
669560 691946
378774 531652
882369 894764
823121 74669
920856 281003
733189 450826
949062 245177
578492 791877
961417 953649
846301 26978
346353 511249
773389 653889
641583 24292
215377 863652
197376 986740
153998 163148
448572 658364
667023 924552
15261 741077
228612 158974
243001 1630
26483 580979
102919 422349
474637 267273
94481 712185
930202 749541
271059 373614
774390 150964
317626 192637
423227 290410
961946 315255
710826 670213
335516 523901
747618 428414
568015 165175
869105 615857
132966 512262
882789 569655
324768 993662
715200 845726
43890 75400
121433 981221
361474 935423
364421 823954
705356 190166
915184 114077
964190 648696
851238 385315
405407 271222
17180 258928
988498 452972
670690 710506
690132 395481
521538 599347
464664 886215
357714 780389
758206 885139
530900 696360
108158 822476
208037 544109
595933 109060
225393 697018
582523 296356
921100 416427
698921 919018
960340 249193
987176 595861
124685 888228
735132 278901
734751 259981
728480 858623
338928 813033
668565 458809
730130 209885
981620 450504
680531 630146
692432 11570
688694 99475
97269 531228
954206 790014
130108 816983
422854 69570
881161 13857
699726 285158
652841 122343
387831 538149
992580 813778
769763 151503
368906 987313
209922 947989
802420 728856
75694 251587
871210 327965
890913 201848
574499 650843
256823 448396
780992 52482
295497 191210
276337 507552
940673 628519
143791 979135
192529 985947
82023 791926
260665 630691
712748 419170
592586 134520
494905 980133
327049 968678
589631 614697
192970 686095
383849 228556
815031 745046
598016 580817
522913 285801
831212 851323
677250 394241
117123 503467
409923 453183
437091 662282
307684 328312
912122 818543
98812 948717
199434 155193
396599 485190
773325 839567
593351 155886
505124 597419
676273 309948
654449 656696
398924 586080
514157 464355
872639 220460
818913 541820
140116 426591
723666 566409
995288 122086
352410 667079
910236 536690
848497 882585
151372 326183
454537 708072
624537 200991
811402 891074
699577 244431
929410 291526
233627 83854
557685 380113
98136 32158
882245 739333
799059 68802
688893 433396
972481 922450
590646 207068
16281 266297
878850 452168
807133 262553
645033 914999
199706 441740
753526 408630
653484 487433
513258 312310
499905 153704
650505 319434
935966 241024
763995 825489
898484 384239
335061 654317
38007 709018
367428 575560
381088 590191
715626 648934
847449 53466
693264 424161
506406 839369
214651 603720
31432 231449
667960 374411
333662 998938
593308 522278
965341 823385
583583 903138
677456 903177
23470 616151
896578 811389
520034 367584
706580 785438
779753 506851
612556 116815
67678 968276
839084 655183
369775 528653
724349 130631
101428 786327
489651 976927
200144 619988
990884 120441
167379 317856
790430 719375
292144 642742
830491 586295
59023 927082
518537 97228
967203 584686
993633 5395
294341 219800
518754 901919
639211 667936
449388 783831
495892 479960
170574 266821
626451 698191
71208 254860
185456 607086
343286 762991
521724 796972
118511 953410
359069 450161
577578 80145
676136 991518
622673 584243
891924 314209
115331 175206
907287 13128
874269 313
249722 563114
102230 865797
221740 47332
233092 915134
367558 665920
535257 255785
556206 99080
436267 669454
954059 343841
620928 313720
941559 679580
967484 178284
783747 970309
626116 584846
416864 405708
216072 119155
166128 178865
202151 329700
232307 779434
181054 471751
667963 752631
309431 227674
951083 106860
430005 202176
193255 673420
744035 77704
810250 773812
532099 98075
165733 520228
593145 845223
892960 132207
688028 409869
4599 433869
551545 324230
194061 306625
141929 1980
550893 106384
195047 463830
60346 108841
222275 119226
632921 414694
769616 254304
594430 27632
898257 109043
767591 303440
855261 216040
613717 930477
227008 963631
130256 487340
848542 726603
72079 367064
570274 523189
237800 677230
900428 423605
103260 302156
285514 166758
614496 270105
172491 770334
652549 470389
188852 952888
896768 112128
392744 35564
208906 469266
421017 758442
570330 953886
348939 183639
179287 465831
975602 441730
163006 814315
211956 438126
207909 281669
262143 526068
565726 858528
611633 178174
10230 546744
120172 790820
592478 798644
52741 457256
686597 700077
823444 488182
807571 88261
933366 909953
471860 129891
447044 305735
751949 481212
468777 939061
620024 661655
864459 492439
415107 95620
736237 701003
33086 287819
493320 704831
820150 834673
154631 565569
631138 652866
408499 346021
32874 515696
782221 391754
9041 272092
4724 869284
385539 165692
283411 620240
986853 399212
447326 995195
629324 521116
198104 160711
222125 761777
297308 236375
539220 923709
220739 300192
674196 271625
625873 174003
509735 214845
692830 458452
833613 718966
200747 780223
646729 631228
882949 360661
943007 963173
798644 458216
828818 190704
246626 305600
588001 688809
191033 22485
428807 658573
920356 126056
407447 429930
262911 860779
220723 394216
53894 232529
39003 3622
722348 118218
98948 353904
899217 663054
78159 561061
529574 643042
291537 447867
949162 224653
784364 50998
492501 884830
871088 744476
144114 256210
428322 452841
651752 954920
96186 489807
63571 836250
394897 555571
877401 636929
70451 437978
273193 77101
340206 290462
588516 409432
25864 54352
534754 508621
944180 11306
277141 428169
673014 47134
460855 926477
291629 559602
986814 569253
429907 466154
406644 768835
337138 665485
658718 958157
277705 557630
352158 26767
150073 363181
438719 104956
445726 697220
926992 650976
141799 886731
968061 141887
315447 975160
372523 332937
295530 773850
504981 229678
790870 292045
319016 905638
706792 125568
823630 533013
256094 384269
392024 453147
933647 411937
210475 476174
574411 583980
659607 920340
195576 458130
760228 800412
252152 697198
460160 329189
66857 49467
42454 438361
228524 407765
608154 538264
613060 223951
340260 343523
197449 290553
130068 128920
810118 576134
301096 643122
519272 612998
36197 498088
396286 401498
588600 939508
535849 689390
958247 240737
253496 368686
758832 363855
484833 237032
768825 821391
156072 162912
521553 110851
226103 943692
701213 318744
995103 317336
369796 771131
835864 952215
283478 292098
387769 184829
910577 169027
113227 837284
473705 860190
830213 647669
263599 932403
418986 979137
923633 274180
887302 443896
494130 121800
597074 726851
998280 181184
860258 969630
684297 124334
105524 420858
325315 283901
866901 797532
271351 574995
421501 260683
621291 288347
133035 205953
633870 721874
7849 64271
15753 912227
57245 590786
817490 208497
920108 834584
186695 347448
975266 234459
591884 615581
760200 409916
287186 382516
674306 645301
147577 395543
587425 708252
10149 837078
955630 635892
769528 891600
474951 939983
887422 351521
383455 27332
152508 315147
381010 151238
117745 218091
573233 995189
597702 390159
86950 57942
278323 430885
790597 822179
320615 313748
306817 234044
878714 170734
701266 401011
430062 491960
771587 828375
796936 59607
287038 863834
579044 536293
601643 515667
422833 854537
340379 638805
765120 117027
327443 741841
566095 214132
634215 644799
442127 372219
743374 860794
391592 712269
399418 510997
846399 660320
428941 96176
810792 982820
925395 875319
40851 541608
849908 622347
481272 575663
479561 977650
735428 800570
116243 409293
412253 45581
565976 993560
843111 190800
686589 213296
458627 830511
684878 509165
248504 584055
613821 86196
951270 24884
973206 37858
458854 703216
495291 292281
319862 661366
325450 460289
995034 34215
228777 588219
150537 403936
676299 951592
870068 6271
522520 247249
506964 745401
181935 51385
235469 365472
764504 83659
888015 579082
326302 643695
960727 690271
898702 592339
585408 455359
33047 685798
4553 910524
127325 59582
623682 603416
693591 92083
423621 949249
440714 890943
713972 59065
818808 711013
414490 899514
521921 440002
109900 362066
575378 524828
458355 206282
391010 268033
499165 756509
182494 331420
869040 678639
529603 447180
385304 271748
224066 920122
767835 936011
733636 543399
957439 970746
519925 821
510992 861215
678495 244288
451955 683355
599119 98883
395222 150075
3063 768860
109201 723631
867781 375136
976740 876168
457705 631008
17845 974703
94401 173581
652728 934781
366973 241455
459800 171503
530418 260193
40863 423423
697427 223880
890532 146138
535421 471748
846232 293855
158534 389760
375409 566558
486263 574107
154517 633360
513115 138856
505736 143651
370064 230834
571221 280073
183270 336848
72480 218324
713055 748338
738380 232481
638228 211271
200749 242540
899355 518926
101297 904232
322688 590898
856000 523095
34675 686049
236172 432727
609351 972128
959752 642118
427039 797143
90845 972409
468762 787615
233122 366087
211464 624376
566243 513642
146284 691291
219053 700237
189768 455557
448532 440647
419478 533455
516781 517913
264814 669239
841184 662243
895172 417216
596369 64790
61346 892615
87912 748172
6591 83715
413973 749844
497800 965696
715215 710577
809183 637113
57555 144385
77569 82730
849564 166813
799332 416279
953867 120106
809304 952659
975477 106099
386759 524029
145206 274017
601149 509543
619410 58515
340482 399052
664937 721751
656266 815708
752704 47784
820510 434421
867154 344191
478696 802429
722824 768002
424820 902591
244218 54861
28579 21634
560458 515995
231324 408921
167112 652055
569028 753913
144601 797195
338733 663118
474276 54052
175811 220789
996938 208837
412189 99094
61149 269501
213998 636732
679596 452964
527759 937612
540753 764588
598027 138380
486867 181139
865058 12217
397330 898158
568299 147033
953795 406804
749368 31776
897037 97032
393880 159755
524868 843256
797338 236606
583115 372939
603473 817509
580622 932355
57595 861447
405352 41323
462782 999566
207222 764416
699519 847129
48343 897946
433984 703556
463088 568726
620991 389633
586931 952652
43197 260430
949751 177568
777840 94585
89415 208531
663839 620314
101797 111371
637344 541457
274708 627448
884264 148974
862041 712201
289481 271913
879105 592657
475138 16838
718192 878697
746116 412130
771661 384239
131484 650495
529150 513608
466017 729954
538810 249404
837215 943451
721646 778999
391912 198422
830545 956817
284417 383265
5493 126899
103331 263264
389637 195350
806402 895902
583137 479475
163035 744354
383328 872424
42133 40315
805259 426966
440575 58195
331216 276318
550570 819442
526713 437174
39399 640470
952967 452355
130725 251817
178055 351425
791778 826856
413626 229360
911849 831716
971346 106920
411969 270507
244197 490541
272973 568088
107029 154219
130406 771395
467019 521191
635878 357443
529450 171165
329002 996001
932722 606973
713335 547592
690308 272431
121899 980225
461587 605837
343683 393191
408135 205324
248327 31362
646218 536440
648317 795419
810793 637110
843061 66189
805709 254305
560773 279558
387378 959700
626754 702369
408111 77997
623577 451567
677099 631680
623611 174784
624497 53316
937233 801759
496163 324185
518328 393319
648258 275106
323012 783780
163049 480115
37676 193976
328944 378031
242826 90132
533994 436708
266419 964922
322994 677345
573030 560400
643233 538206
358146 183037
207164 186991
457507 412864
344989 495665
636301 301917
967080 567408
614808 738180
384457 114695
185261 291066
591156 135169
978760 600025
320960 152980
736208 969794
29638 985013
272412 68832
730950 917786
10700 50773
878461 624568
496639 754504
565297 532012
624112 647554
730481 667118
232288 672111
530970 629346
653045 888824
407839 176144
920463 976160
46384 165397
239134 901923
842570 507907
317016 679721
365558 976241
961792 825738
403474 560293
918758 427941
683084 601249
225 478972
959192 767622
384895 280835
349329 802638
325279 414292
248639 132741
573689 929531
579184 848887
439588 687987
320079 894268
117934 397390
583524 201031
268194 605245
330037 531313
445307 180778
505668 388773
105485 752301
893623 229180
554742 560213
205596 11961
599118 793462
359096 650565
935913 252317
619803 992286
161362 866245
921227 109056
820835 495225
725566 800454
846494 936622
19762 878893
559285 261390
13222 880847
784591 768997
171140 34175
963932 810033
863375 196323
126805 707422
95508 175617
153758 676965
498416 904826
178926 754131
348102 689793
144666 742122
155330 992541
972601 542816
218405 588466
132684 807085
887173 103345
789579 779523
304217 886461
815843 759621
320562 648938
655370 653356
396617 134264
449275 414211
866529 46014
33040 269846
619737 905829
388372 322613
19737 359455
585733 790858
349341 90002
667284 711065
504646 3979
884615 825408
979155 615977
659070 709835
936325 940421
238842 381248
253739 635091
