5000
23212 661535
795282 923033
163623 986707
867792 116674
871647 665633
716303 733147
115467 76371
648419 303399
262715 728233
299069 919778
396429 576147
399833 347789
863595 767987
662600 752113
848895 30234
398829 934974
229811 368651
726918 923730
649531 973277
486940 208082
552517 584764
66822 687048
483802 13721
518520 512438
555960 446090
682319 858821
930763 922369
698912 18900
989223 638472
388371 739262
721483 743876
536840 423231
312632 795273
605314 322829
495004 543984
609006 453378
802521 903739
473504 491092
443929 767493
883157 4967
370747 952713
198429 240532
758462 320232
182020 570996
406691 996782
721631 124826
267763 749752
66493 485888
4327 229348
106377 181369
573241 227171
922383 377717
756651 723136
127265 317027
796820 262099
827869 447686
662110 860207
522888 13577
859418 84175
633783 24842
480163 366469
168436 283763
900655 391053
966756 382351
303119 286395
171027 636180
723764 779172
909430 813825
522275 607203
110620 16830
385861 942943
66683 480720
490097 249347
997148 619406
507190 237630
192061 995907
616499 390675
102506 15313
857417 457231
751656 791294
416468 988031
799444 214470
202565 808179
21183 324239
321349 908958
773474 565591
286950 134303
958122 945357
661777 136727
544427 107622
241597 936391
92893 900851
823678 867986
955925 579302
910207 220154
140411 845189
563465 898636
579200 717636
506574 919040
166768 18111
877580 25263
468711 529671
272529 243924
225452 726471
792162 103579
214578 758382
783031 926913
663443 495043
959611 890323
823093 392886
942542 186109
136087 42045
759068 678048
434458 588435
650993 680709
161850 8881
999121 356017
397403 456192
768346 107529
69677 983648
807652 897362
932303 279476
238823 108979
922668 651165
82093 545991
590485 303569
97564 715617
106523 769631
39824 270806
285929 377201
994993 761028
981907 921826
634222 886120
405314 594152
809543 355728
952863 538795
488273 715533
105983 494089
336401 358843
914750 904294
51992 627138
515627 82464
970500 127894
531038 8325
360659 440564
287832 356587
304615 370697
932085 756523
320144 484462
17680 159701
36059 253434
791350 13824
771787 437586
25538 848936
643775 729830
959762 269523
833423 843928
811212 985540
586792 349632
348048 988935
16379 875982
626024 670349
477600 566965
466849 594195
273181 128085
69717 122997
67383 674273
975218 493871
838229 868496
889353 437965
78267 903061
396089 822770
84319 730486
583426 165748
568586 352032
272975 198230
868566 371217
510763 608412
397077 456365
509909 787635
844507 463765
440666 796591
142085 340317
151262 767229
396238 105377
436153 382282
662853 807649
61334 817990
988831 201509
443030 699318
749385 503553
488186 250361
630257 747119
231458 983082
17762 38831
555440 832234
800332 617004
712646 898314
966562 991108
495813 930211
416447 527306
526721 493385
929111 182001
76438 862727
493428 599523
521875 615425
614550 854101
594123 778663
77843 907152
380429 868736
475995 353857
505234 199584
803215 47738
609163 113221
743330 608597
673041 395105
942707 277061
489609 703709
885548 576272
437102 575174
546076 574429
5349 274557
377482 929136
162106 657271
311511 418562
77196 745180
189392 380769
752929 402121
210633 741708
107136 530440
458400 933839
914571 472425
450684 507362
382444 170847
852307 484171
276390 538206
668557 347598
869184 904389
67085 205730
487962 668564
254248 828363
736575 892371
408616 316339
165049 978869
54514 901815
800481 961002
527378 136057
257195 628536
759903 19401
550917 733521
567099 791513
988547 866743
840341 361877
300773 632082
744939 940050
217098 501375
156398 384484
321811 723524
997447 475261
630232 874901
52918 369429
684225 142230
989738 761373
51029 39812
682928 795864
131198 206041
89581 710669
839509 793210
687342 135423
280625 375369
459927 413981
179364 308727
215514 296772
952292 183630
195549 262724
475138 101747
679835 637994
931895 818853
50498 970290
550270 582905
266353 141990
460247 478425
754782 755145
51785 64250
712499 179147
668033 535674
948033 816711
475571 271379
418679 49356
771346 894329
412802 43289
390510 158327
596005 324739
287441 794390
30401 543223
738922 453875
538990 613755
290020 115259
216786 501771
220550 779385
516300 568914
678444 373579
380265 324162
363995 234397
673204 98424
234736 415607
5825 810621
188060 656732
747307 681718
177629 106067
990792 507366
155448 798776
320525 579418
722769 454441
247135 158415
22734 226107
827964 874980
740543 323559
462228 921070
866017 419254
470003 482825
142826 221655
137610 912711
634970 226128
86626 568137
580528 359552
537747 318605
761768 676067
929253 771152
237723 74293
976554 1678
787446 422940
574197 365762
918085 963060
580279 552513
906370 691878
522218 931467
320320 10539
746568 570075
646567 36429
569611 227847
73921 824915
470784 969794
998830 707519
910057 499061
29158 500360
992702 763318
903887 842255
757320 26096
973558 616584
205721 672893
641819 921531
937402 185664
551204 86763
19600 124152
504188 138891
348188 119812
220338 598071
891811 634576
591395 98825
910839 658809
327175 389381
575187 842940
523560 346430
354471 285879
241708 684965
67844 817741
892151 57985
77855 271589
89780 493768
744308 570273
3278 952789
877006 473815
894025 735959
766550 860142
579579 646067
280151 533512
952847 543029
419939 707360
622057 212717
330412 323163
677501 780270
851462 98952
820085 113411
210881 652722
578311 635878
180563 882185
646216 776602
210556 166734
638188 684870
486644 560708
382815 778690
588195 902104
380662 395474
361052 653309
813101 596858
171268 927345
602727 41169
614504 331892
784202 416851
261817 235458
578196 185513
75302 211882
448044 737689
449231 395172
496172 932828
345558 272247
127631 510306
170723 4624
612241 299907
292336 945741
232949 94748
775985 301933
412922 759945
877653 523297
960411 630689
672275 574685
548856 478493
123601 808483
256721 685358
546263 111210
723361 628520
593685 426033
486782 861163
916091 145079
279354 230273
565460 672396
171077 645465
260580 864555
784039 959022
320213 112488
145167 50117
188658 799132
691977 433092
878351 202474
976616 75904
791973 210730
296999 52597
647241 813747
539295 754625
600339 718635
118083 742661
414917 660906
749023 810606
412910 947813
611609 324123
175163 298686
318107 90628
969842 655865
780504 615633
361121 942661
897701 346678
506778 49936
432087 887852
84067 426458
433590 944951
554248 444498
382017 107452
811442 401019
658830 700980
941017 57742
734443 759725
40400 450036
5042 802458
392158 858194
330520 1576
690671 254638
718665 310477
658107 603715
825114 290962
371436 987425
813448 743231
986691 731964
24732 711182
375367 969660
116644 336992
541478 984153
212605 262013
67458 394935
378984 544388
656301 717113
45175 739429
283699 846687
244634 710404
493965 368686
839670 482409
834266 847286
631873 199443
168081 990461
547802 716597
908252 937711
358810 295970
826054 31592
520789 503951
771827 103678
539027 185173
699031 847019
415408 555430
241484 476890
845459 63384
254632 448776
66982 347219
512801 374864
346706 646750
356393 729003
411134 160226
465844 635133
142541 982563
781867 338339
672417 377073
525408 660154
430009 875711
120553 915781
271319 753701
611864 311952
363002 848135
347858 99886
329779 89837
422273 186180
13605 281603
626117 474679
585551 153315
438031 299899
153280 854353
488846 256725
148473 431593
630435 599327
421821 310327
821831 257660
749638 868812
423539 790960
800135 965124
557866 130305
827080 46781
435427 890061
984413 458463
701271 972929
137109 945214
337274 337686
660374 183144
517972 523767
474808 859563
986108 681281
257164 997033
265597 518538
575497 77519
46746 408068
806626 995979
6075 409060
636649 739054
615563 808284
201525 612916
744036 957275
188213 22428
216264 891637
216411 649987
786264 925596
963809 803711
597151 656047
77074 911189
155378 642130
832218 849030
301218 96310
316618 844443
717169 775366
156015 66161
11655 695161
603542 83980
390757 885953
758946 466272
919114 292626
339133 146671
448068 613094
797404 767643
778259 403720
784796 623033
319669 570365
952545 666034
393177 949240
39599 904234
743776 555063
885419 606630
923808 54305
557291 15386
300331 719252
459435 389883
521218 865449
601186 769880
827331 928382
46501 567335
313479 369768
346855 253954
448044 176210
320758 873486
703560 695091
615973 833192
732813 184397
227011 367515
632773 406420
797978 902696
756723 516361
453477 750923
630274 378395
99809 654621
747446 421935
205713 167148
672480 390500
807101 944808
416247 812163
701299 365910
894199 117295
499732 229876
78895 110662
287758 315329
835437 696771
376828 489209
267800 916421
467749 162994
105638 64623
907939 739374
177273 203684
415778 518468
813028 475714
533801 573799
615879 798436
925403 849677
265369 166959
321772 266079
108689 133796
631962 697806
263427 370448
673807 213149
132445 874445
284388 480135
341342 768975
577067 718539
917458 992396
903451 465755
973832 728256
887775 282220
872563 792802
773841 53341
858967 414452
685996 903150
5874 855121
192463 707934
460913 668358
807242 678914
433547 139848
547258 397072
413928 6674
359099 11867
103356 625074
916993 826596
16433 320681
266312 601426
552680 264555
727019 426666
157884 457167
787326 285813
547073 791580
6539 295650
15075 977715
806954 107314
233703 888904
637071 563442
88850 487529
219806 624086
541801 513641
60027 825409
396785 844091
72934 729035
374562 472021
3560 991597
800780 376277
654558 516881
315303 972373
804992 257788
908700 199831
907420 982895
912992 513574
374829 927076
64373 443552
552028 774905
958594 875075
757729 654091
732711 302302
510279 928298
933361 496320
425683 25587
591640 371107
197530 874148
41270 374516
941320 118137
249386 649164
193898 871227
11254 792858
281291 431571
564419 207478
17155 780034
985373 161714
836112 138562
773143 545392
366727 96865
529158 754674
430344 64345
874663 859767
570249 747464
446048 660019
119922 328312
4680 388527
65549 140566
340041 306226
654821 417
999025 214875
402026 849707
549038 683537
448389 128940
86225 202124
209647 13239
134310 581323
368504 36010
155310 714778
810732 671516
387885 45203
485256 212539
538973 885678
214506 930004
701192 433381
749889 730208
921453 155381
639258 282709
565350 991900
742670 565917
341012 381818
375405 336963
87789 20094
183622 76614
324907 9766
218771 934645
664420 31733
793462 608110
796559 153101
404050 588635
263895 769651
514896 38096
594450 211162
362788 406659
357186 787165
563052 201012
612651 368034
982631 233891
581850 100085
244777 423924
759148 388022
790381 327108
804966 940237
12681 211327
443747 185070
185410 248625
936183 48250
30041 164009
166851 206728
33214 768348
784388 757510
154809 23297
767942 836098
938664 178800
341524 228822
862489 362264
165636 939539
155088 78303
613950 746882
279254 361924
726748 855663
257621 607039
417090 888296
201639 664228
512599 750315
771032 965218
323142 36396
26798 918999
335930 44175
65203 748745
217796 484865
617150 268092
265151 843597
768262 847098
961308 43210
66189 214290
691927 658263
619641 502688
464764 190858
39106 980137
791094 992054
504494 724504
436694 382823
649679 797861
482847 175823
408606 230244
286591 946892
596680 11026
156663 572301
192298 920618
910765 850696
296557 652667
974507 566862
965814 503436
164284 954247
383978 824125
789358 84571
80446 754636
219254 468016
452257 815416
653168 980619
616961 576736
828932 689308
343709 752713
387983 931837
718276 516937
360121 993255
348305 650490
915584 677537
985990 365631
891488 944942
703189 443109
802417 926515
639223 629707
359580 879234
75637 805810
318404 161843
968623 849163
663248 897209
703296 40558
499757 487435
318774 61537
942085 339362
994630 857322
435561 281211
945034 794046
9806 725247
119437 619718
487449 455542
568399 928940
381306 624827
409357 672078
65068 972086
768075 925033
888231 323964
419510 210335
748793 299467
563042 960643
221248 663228
26714 297030
22403 675425
910599 547498
78440 802321
116713 513939
785021 724224
350935 678757
447908 384682
669977 670432
579376 215597
976250 568413
555688 981606
694685 351111
525646 281595
120300 421563
664476 904128
537643 142384
432070 828911
195279 418475
458237 693592
223800 808152
466309 162322
347651 666777
185627 998346
203642 468567
556158 54202
419381 51161
429818 125290
365516 370746
713995 654095
105592 186138
328422 677548
873446 175861
855292 884882
727621 846264
387801 217517
932871 636964
31470 656860
335249 699309
274803 993966
741749 613565
787750 997385
778138 258798
863804 599844
601439 963444
763721 877133
876231 126142
611608 467423
381457 864057
543191 423117
81410 50871
432427 150591
420937 506600
302788 82359
538854 714854
735038 119846
976176 162228
351244 551022
993284 709608
499843 697311
155449 336586
716246 97699
36853 989513
252723 575279
829577 22956
161404 562813
477595 708032
383452 311149
423620 148625
482414 53862
904340 49442
739987 959
932725 535478
833153 835854
133157 73845
141457 48839
717485 462417
454534 906840
970028 937451
178306 631038
381714 219711
290686 506146
984680 789542
728378 93490
452369 244134
168667 621097
399824 876318
592350 579317
111034 995174
661048 57247
452144 912386
964540 730683
230480 608135
192984 99699
106138 512191
854675 400914
432762 264027
405555 685922
730140 753930
602255 855001
818780 972836
645600 650720
373016 136959
939631 99349
339720 759880
742869 29245
852038 284883
947925 462649
509989 308682
358490 757522
995523 395652
117198 642391
526750 689191
767363 111084
383046 966531
226099 273806
528866 101449
541352 570378
485716 34474
106980 384941
972312 743374
179925 811382
710105 969845
723970 692060
908354 588764
755939 622942
724114 106300
751810 808947
756529 839091
719652 943399
711578 811844
735716 491309
28140 16473
114698 49055
620558 798869
832309 922582
926020 264282
317762 446669
725554 160391
295018 749020
450033 71237
667622 414948
225460 118981
578515 94826
539171 668061
230640 178351
467747 373470
552479 937718
353090 123512
427859 748398
348313 832762
348155 667987
239760 417314
716313 498672
165792 584560
348565 805701
712625 981685
513438 956562
886269 808404
609088 100101
723845 401312
725412 660540
681813 590093
698271 840891
827889 377904
432439 824223
183739 802074
699623 108296
947180 694851
278843 242433
854287 649524
114459 757708
898274 198732
593840 186855
834842 871359
703940 338736
547620 99677
177723 450655
433880 891382
490818 882661
141278 19155
191712 518085
457514 152126
920382 580318
443906 766467
912665 226142
524372 790575
848514 664677
708505 649404
512917 403278
51159 47690
36425 755417
885516 374500
294601 128607
795953 406806
500162 703422
752566 600148
246075 581533
117795 733012
916600 407979
395702 73921
453291 168468
86885 197930
40056 965827
586403 981487
210437 611772
779119 321590
364518 933492
955943 369919
959836 13425
455081 653955
416405 188918
331610 739246
777927 751613
776321 90915
600564 309091
291161 387182
71555 487647
527656 309950
868136 789744
79281 251784
925710 144948
298315 39379
297484 678173
350657 812422
508535 670160
360087 202103
310007 848373
768117 156196
160423 682241
256609 187658
922654 222868
500076 374561
616102 577883
161241 427320
151994 306454
304760 397690
74747 609640
773616 226664
731643 246493
884102 774896
349214 540887
920834 661904
226015 968149
808343 584860
875207 378552
298696 98290
713975 358878
511040 627374
62832 173326
190001 41997
115913 501843
518137 789312
734621 271837
134016 424521
988572 391072
659331 253854
648737 753472
340893 880741
81578 412627
171217 184026
560966 685388
498707 913
932020 744619
315300 635243
600212 260928
129021 470244
435143 803437
45167 963382
456830 730285
168829 488337
63816 501529
937276 810981
595101 83489
694388 207157
140071 532700
809817 548718
215111 770648
177733 580365
361205 586750
99117 890882
549382 777895
352632 537990
955429 188584
637542 831523
357937 611698
418679 619263
749529 883841
891881 736688
480978 911713
425654 100415
330149 578803
263747 662183
156835 983836
163546 636192
344545 834306
279910 701765
725215 505454
737599 552400
884442 455520
693542 829573
684649 140100
341831 716165
918861 195522
33619 812617
605880 340549
676570 443465
203337 895099
639087 320611
615415 718868
769225 362547
930282 232465
828310 452129
674176 152486
110721 148816
965837 709776
500478 496620
841372 299215
383495 490553
51793 143489
312869 119558
884267 720040
738740 227303
740667 288870
306792 579783
552199 427773
771405 781433
780506 16656
552046 260979
862113 285529
556095 650084
960733 300547
545424 376423
560726 164575
722539 726468
88489 582936
874256 884642
885006 973103
980195 152980
841798 5633
676647 514176
421983 118228
754489 273
297379 742248
3999 620349
31120 732164
478933 185730
244872 784698
510212 32337
627525 425483
605177 647893
21517 62565
110837 841536
850247 600463
810047 854823
681715 630890
916922 678994
553320 314652
594423 150527
139899 706994
5371 637612
534053 357942
125765 844359
593697 95285
639649 21490
489886 871247
369165 703279
789559 637778
554239 821274
32484 736455
93168 543808
251773 605875
320868 826079
35343 681944
521106 708838
598526 583030
721965 791649
190667 678661
895226 18066
836655 382781
124460 616186
736761 254685
905753 165590
544544 853340
111512 777130
972800 336001
211064 63702
284447 223041
512329 116339
566346 533022
721805 942457
168676 967354
542021 151489
508925 237704
393003 401790
76048 388565
697054 31009
242821 567396
923368 493367
854414 180839
25215 666558
752737 987749
504402 503317
509408 429245
742875 890013
651221 442275
370415 853798
41927 791284
492300 588563
761104 17107
863684 996709
267644 82060
719582 485310
778709 668946
582231 49778
957903 957551
732479 550255
412877 119849
726231 423998
224460 131941
558030 756612
256341 360608
646922 375954
165899 730716
945574 292831
855854 915035
499482 66081
778349 220056
591616 910206
153787 823475
915597 13836
63773 100181
866586 150732
326961 226781
159887 1308
515812 514469
975037 28711
244213 876218
707850 805370
574808 328307
757140 914065
555806 196171
917699 226963
190782 469983
706752 985046
666082 928663
160785 871497
215803 84063
718849 504560
674643 654109
408166 442064
87102 10449
280109 997467
441578 963970
840622 205454
460013 987979
926417 939997
763152 508134
944956 52613
856417 71673
204018 313466
766955 847093
32131 385803
280206 631753
873070 625096
867067 720233
171971 216771
635951 940154
409667 895493
426141 683707
508320 384602
148939 655337
243288 50221
895227 894451
898958 728233
114805 656378
609447 104335
730792 495961
739041 483782
15995 641476
486734 608700
742461 482817
529282 941484
293935 879056
931696 730901
438346 972262
619412 717108
890583 200169
496702 90064
500778 898465
210251 341035
562593 236581
25914 767145
903484 615360
134674 410281
309123 293145
161770 653631
74213 524366
39010 893956
270465 713557
660806 269578
38862 352804
520812 672340
669487 94102
284020 609636
114847 209671
91361 702799
32494 696148
912855 928117
543392 103416
731292 918204
237982 780769
285231 990265
252338 300930
930644 3247
446553 69457
227594 426956
76735 917858
23320 131899
76697 585682
329358 842995
935356 184316
206898 377339
216471 356971
570782 241399
940742 20347
26677 976999
187195 258324
989767 459900
904714 202559
535265 889430
897337 300527
314336 10158
333550 610268
179376 834922
879271 653080
986096 402155
173220 966299
544242 404613
432217 827638
156143 683444
31858 39730
322202 143428
52473 106827
191782 646756
410740 848671
228699 213834
152928 362104
987659 351217
112655 240097
721695 402057
577494 439431
894245 165825
907035 809455
106315 409934
864196 34378
646425 567426
113244 808899
427063 274366
562809 304760
417542 185173
735616 914421
86735 956757
146725 971310
871083 576661
304530 349181
875262 518487
943874 667491
914706 875350
737631 692492
783219 919019
932844 697378
627551 637367
603806 454148
721628 453399
542691 684119
922687 872471
503456 258655
816588 783454
753779 332783
748226 794241
677352 170247
29434 101811
413126 398710
964250 364983
553193 951334
936484 549092
549013 234080
651664 688306
932841 741324
802354 130830
5787 524841
401046 36978
47714 577439
467204 559521
283773 560273
555019 318864
423904 172455
782325 445356
422625 871165
220817 650796
938550 600317
362435 447937
37993 702909
216004 625725
711890 958361
639987 36643
274482 67451
443214 332920
844148 420511
318188 174912
516938 300751
172631 638378
408261 659805
839322 263947
569971 650745
375183 409756
342321 733211
459912 598903
561341 450363
815753 437165
110692 508988
71684 816083
919649 627822
239071 187431
177684 526083
21723 903910
676630 24396
709191 615485
73611 572996
117109 230103
214857 163850
163066 796540
89144 431613
399835 725038
551459 10422
181622 657084
470995 929724
921616 20342
268997 49864
822671 653510
429309 790407
265078 894117
821699 964286
697428 349845
482650 234842
17335 293124
977034 707409
821952 142297
910381 962487
812822 91714
709160 399193
169054 60294
821405 781567
854389 786487
650378 656498
43421 568094
317952 779299
115957 695009
572054 459718
884716 828083
620562 475987
798470 290527
489167 325545
9466 296609
197800 601093
428675 84223
133895 204547
718712 773016
275004 982270
719636 216268
954599 24815
477344 653053
945426 814833
277517 170488
324364 713025
797696 157117
439462 138753
934173 218592
882876 445031
457537 813887
409897 165483
911387 498310
768296 247296
337050 205869
191544 866506
511072 2870
585182 657540
556228 269955
328746 351316
746190 463764
815686 780647
801182 227222
436670 765267
673002 632943
556232 335260
231198 125736
925430 940043
749316 904790
316198 991953
644272 473787
819978 154657
959651 989110
226997 564033
861710 855376
72975 929740
214180 456193
650920 411257
118305 348153
206360 357793
589026 631812
962348 179949
447019 128377
78845 6187
289099 99829
747818 147718
868321 9680
889683 543493
34561 663861
165167 571805
97126 825694
488830 75097
931988 188548
156389 651205
470089 923664
979528 628717
162759 531797
737745 42141
860265 586389
186915 384266
400915 952738
181634 33640
5640 710791
262546 864560
162356 136113
612059 941823
271853 910811
503629 350303
335162 728110
442893 971995
826142 800829
521387 673895
988642 216448
846369 815068
517833 915238
688689 865437
343353 682917
402914 840897
290994 692723
685429 956970
347156 408896
294942 526336
42557 83488
439330 261550
559004 836202
592711 16111
54009 465284
140865 199263
711512 661716
850741 540735
214487 18709
7874 735830
46191 580573
176833 368669
996966 895011
364978 882922
103822 215664
380739 429497
404309 567345
983710 187887
634838 726297
143046 362071
550998 45891
314863 922715
354060 324054
926939 625285
847004 614542
607872 283395
969537 464714
433196 86758
527830 105521
155239 133749
332415 8030
219798 811748
815092 602948
155433 445167
912510 812601
86610 776259
865456 490153
90920 466929
66896 525838
716698 703528
359877 37008
491076 634343
103570 831977
59439 126159
8459 580716
799102 269147
646687 55098
651440 170322
3124 798854
863655 891507
138688 446358
947113 369835
696465 440705
154106 562669
541801 155527
126744 131638
168752 835427
538125 834167
782919 843846
303599 402857
771337 740109
194328 848897
781365 957833
374653 561772
928799 665628
237805 875228
425084 34014
544129 334899
125368 154685
761881 285904
33579 102312
189961 775877
489730 520753
967905 308067
53706 733551
433942 330034
620681 451248
855203 542933
415262 107394
576416 25156
932569 797741
517810 204544
896101 716707
293713 550555
273538 393758
54778 221888
120967 626047
578678 36450
456569 874075
227176 183909
6478 725282
420311 824118
166079 893885
958999 905600
216466 920254
862554 444884
854460 5520
465497 886007
210171 575415
53318 357402
328028 44646
919726 862171
588305 278676
895527 409086
295247 10204
865578 776740
572822 515920
971511 679850
15252 377855
48897 475399
493858 376717
304560 180194
863687 609608
717995 164956
132199 674187
652782 360144
342977 568453
96891 1485
758717 923548
171463 574486
161367 733559
713634 181071
997835 279197
936075 532619
537209 295015
741842 831975
323451 960045
283139 85178
308250 749630
737303 375330
806701 288801
659808 598757
56126 120066
660342 971979
609794 727938
903985 560483
127797 206251
83836 19342
370734 858893
657740 980675
248129 524669
581756 13090
342341 15458
526597 655552
231008 643894
672223 12114
690207 31343
117580 249348
960854 986098
902504 564402
378195 393916
431379 92774
417888 673588
94569 892584
967975 378001
57854 466752
568452 995969
484121 734870
442208 67982
429925 886764
636171 616533
786347 409635
775493 390465
754577 42422
672467 678681
351235 125566
963624 450979
305935 747062
400208 134006
732075 645811
840063 472810
74114 949738
318240 21539
478078 220349
618469 209983
193093 606117
445753 62259
661172 613160
269700 877606
392572 384539
869468 974679
870789 352615
386593 789611
270459 923676
259672 663181
259047 545590
644595 472197
184750 140062
894423 271436
151542 294990
551217 455827
151448 33257
946655 952204
999576 487814
196074 448864
280013 10044
202538 976082
249963 153387
321565 129474
340951 631075
473293 704888
91503 919678
258293 3196
737476 807663
918549 960728
674424 392641
875841 954610
951669 58509
242979 93189
921337 55931
879509 818078
490213 170051
343979 403106
553584 656080
826017 407411
131837 973575
727045 846582
267280 980556
957744 22899
708513 136704
833211 697908
467998 515919
126249 729851
5752 916409
459425 486829
872112 565563
997873 820736
888405 736301
570859 522963
453546 59842
875776 960569
200258 141261
663790 190009
299732 211435
948364 758381
300160 420295
395264 759054
632760 825252
212226 110180
551769 442332
412800 743200
979347 355595
405354 108220
283413 507442
506372 639732
578150 988969
587564 846313
20242 255649
318016 772197
357446 779413
761854 822697
597106 883691
89160 824360
701301 641440
583289 912796
980986 223288
854664 838566
162312 311271
190864 650785
964256 290834
397386 476810
801834 628065
149603 998095
549527 371441
800542 645415
640673 377086
651318 476083
699880 655839
819590 395347
170817 631368
383631 880391
432672 702990
505206 408142
751619 904140
887850 62500
168159 592427
971881 204918
423693 174671
212988 353269
228837 232706
196303 249576
115717 783247
453627 363851
856578 538511
467872 460905
281636 55241
151019 207136
223619 459513
82470 425574
60204 577066
582158 913466
758239 2312
842135 84091
790720 685861
454997 869283
118828 7191
968573 734349
253527 697264
771675 167490
916679 641240
303911 916364
441947 30694
120020 447198
654610 210329
244691 87051
782472 424286
694105 801071
830558 62919
61226 686747
148194 454699
824179 148639
993960 791231
768998 73614
359565 985427
54515 652955
415598 277919
213284 847073
403534 20603
406769 320735
136175 35484
235980 958028
490918 852125
760117 811471
848367 876886
40347 20479
187807 203645
396638 802499
788947 89515
468485 689982
948107 100066
741018 38282
272822 211224
951324 997953
434292 392017
932818 448060
68292 852334
55434 951232
122608 865740
652243 570910
663113 568165
715842 111548
868387 777467
787329 630312
499622 905986
668413 936656
341291 434092
383868 38950
703563 901076
622810 439122
846426 619678
92558 830853
292691 779782
270915 208220
888138 706183
970323 389998
498414 820507
324383 384424
377769 704899
338825 945826
113702 884119
285389 43973
922031 245990
319034 907360
482782 699492
202261 461364
133566 138989
71817 657315
174453 298634
158107 362493
930144 66594
210320 922022
266252 36165
234701 707830
54941 641126
853853 172054
953497 214742
267541 55459
485047 337229
465094 611531
542587 661629
575571 635673
462734 463774
573975 210227
327981 84630
996256 326993
221132 797894
987018 806241
3525 864322
990031 365931
658054 552919
756909 401855
184275 486592
989507 358607
589459 866583
869178 127026
442437 369822
409918 120832
137292 88982
566251 364655
271103 153311
450207 368586
644778 143728
159251 496386
383395 937908
74524 971883
38802 844386
561764 93265
185537 897883
380447 282450
480518 915381
311169 777288
287029 510482
622947 604847
694939 863567
831119 705273
376540 663644
287291 17839
209660 273900
148095 73385
482428 16480
877919 3484
403636 870718
60078 329059
917744 607190
934846 364981
88546 969341
904742 234121
611760 703647
317795 121634
507594 425604
708579 175130
72412 514415
544148 250273
282869 3935
161616 890316
342435 109763
797976 496269
889776 565345
492543 514390
96647 645000
945566 477253
783440 279577
936203 488184
913396 510763
895721 38048
344040 667504
80900 426794
800513 702812
501965 493337
652217 180614
555821 624594
828796 155334
589230 279368
234891 941964
853420 508015
647768 339391
924921 943123
138193 757236
637470 335781
938461 377215
242346 143940
715257 236381
824975 48498
489624 759706
634488 323500
877916 882551
379311 117060
981992 658762
933116 286974
933350 112714
246319 653059
408667 516147
39445 246116
438398 737361
109785 73503
128140 427641
324079 831389
336630 63987
103985 325967
270932 386743
890621 411045
545520 197655
511471 443811
688028 133354
810047 343741
625959 326902
106242 121387
581535 25093
510338 158476
891421 634537
689937 602092
917608 686299
625638 393650
864362 662610
495324 127649
244538 869730
991585 215387
383961 593825
84044 202827
896652 562950
673669 410134
760709 762773
836539 29389
5049 700760
462787 169225
552891 895275
480423 875724
162022 569590
71997 727344
69128 323466
230812 888052
43850 714502
151633 968094
341855 129826
770536 599001
23420 50531
897063 465141
674340 817749
202458 267216
200718 330230
857282 204439
876442 563859
515574 151007
434774 331803
956262 333097
248139 52950
81543 792228
609674 736667
502573 942601
898972 526355
245084 392524
471101 378521
998385 417644
993726 642419
208156 83500
354447 171948
982275 300562
108518 166270
469796 272354
833543 542318
577712 673425
153298 978536
308944 502360
619472 344720
328947 254618
546203 618174
369442 70644
239246 985367
642672 788896
672327 991670
882480 364470
919735 695856
502615 666371
374149 322259
684327 960017
15984 157040
465078 899160
699712 96187
438664 31442
57863 705513
347682 188083
104705 482632
896060 660046
123702 815974
447110 634339
521768 327612
422393 934334
711779 352514
578513 245552
300091 787415
713247 925491
810340 840089
138673 372999
887225 822393
798169 441253
586641 469843
11330 196852
459458 30338
832680 750836
466866 811433
723226 363475
129783 372988
663264 493746
218848 906097
414339 283029
800047 118779
996758 510167
728411 576311
590883 294284
376840 908605
443058 208826
893337 90415
793637 22844
21824 322209
249269 307664
98472 32621
492246 802156
927507 897070
846778 435784
469165 25907
539688 634604
299572 43180
636250 258968
507217 76439
187024 489811
115252 526338
918652 54747
132749 774318
580006 717269
253071 91489
129361 696275
261667 867182
875460 101304
897564 307404
406744 506896
649632 404247
568141 75921
919807 245057
58070 254987
303861 190116
953491 774496
625682 140423
177220 483856
356722 798524
332016 803715
999924 637993
729425 510433
614381 356377
1856 635919
233674 98486
734766 409708
46264 428270
920187 917617
645389 910708
527699 567863
158833 871343
372662 384995
571046 643708
136253 83748
638967 479729
505034 279260
846894 557355
20959 925201
266089 497576
289236 902793
365354 753179
265034 179290
928653 438257
951345 928367
171088 831793
642718 612979
906119 910987
472433 556514
71320 844716
873400 595777
355034 202723
755901 318034
737708 626636
164305 520280
624214 922084
836855 341615
122850 273915
205285 296714
782477 280528
123055 875019
979055 67075
106873 129594
347494 826633
305687 825543
870271 106418
189373 97257
935370 930547
582370 264270
288143 166954
66725 172551
1677 261792
660410 383191
456942 847502
592918 510570
675625 841469
513313 748770
132202 857926
871846 595635
641276 417805
652283 536498
747556 670500
342366 594207
772532 440663
792580 7069
770639 107116
586162 899562
36337 470264
776621 545619
827305 615119
412616 64492
246 734985
150478 139548
611425 340801
550926 88615
695091 154388
530552 72090
671748 468170
84752 662272
278325 155868
729615 989583
785010 967678
200387 100076
71588 71316
196073 301518
740559 626129
345424 793494
473340 411823
666954 555545
92533 648321
841615 663557
996423 8881
604972 807890
436801 628054
539392 507323
737283 124659
923287 839900
708822 817257
716864 163976
768211 267590
806773 840599
135710 670638
773231 445985
985458 613818
787632 187798
754220 532156
411123 91705
601540 869743
895168 928957
836102 469092
592784 687950
750668 890498
666105 701619
900053 965986
651649 863627
913358 955557
170832 211794
92512 168682
33849 968097
60107 386815
182369 871222
305606 498657
465884 88522
680282 333802
451376 374860
314439 336084
156664 926017
661432 997195
835190 364116
266926 799706
986459 401811
292126 821092
974646 846181
294938 911228
289200 906148
503267 59899
913250 839116
623532 433077
580255 721434
152624 215847
325679 712295
375157 30843
744470 57969
845238 17865
569866 587279
668503 129383
846373 570658
709311 991573
301148 2179
265287 205955
57103 268258
4159 366623
882043 538227
770202 756559
651586 444845
715221 741589
950649 17494
425694 263053
228764 287906
900299 817305
958755 798769
245209 47248
965895 744734
178450 441850
768819 206380
738402 939440
658735 624592
779199 543396
849768 522302
701694 56843
392482 147082
749624 368286
20323 228699
475846 678143
574060 870049
624437 243108
451892 783538
392274 954015
190370 165327
420145 836275
860510 869742
972011 853653
977928 372631
282430 514622
862280 515581
822389 571961
859005 153738
293120 910855
506669 131136
659332 931211
288355 845000
908865 351790
996546 319780
317516 291774
147152 165298
362243 284682
63922 768153
67900 619016
796597 419436
717508 218897
740133 834546
620918 411540
633719 61515
629273 891515
660249 550892
247858 489689
757932 832848
176644 572252
40106 344806
22060 811167
991396 722611
344393 432781
135669 88999
164788 416248
349960 417763
607267 963914
984642 432743
485728 502949
594270 421208
551520 532401
334385 827786
572828 23797
200870 161327
68743 83860
572888 710793
878217 129947
64434 545573
246216 952715
25884 972628
315468 569362
260593 526722
208507 407445
430547 759879
754169 653040
312562 752529
527527 398978
961450 456808
27863 355408
656693 822700
19161 318506
894769 679388
682883 156129
116902 906760
822351 296903
983592 789592
43884 878571
253515 914196
941575 897254
444439 645490
127092 814777
978913 684770
120103 610676
967189 447564
593261 857340
84126 791704
40358 915085
560355 811708
341245 782221
905067 730122
491269 328502
747445 771385
569587 425369
673138 712197
992850 623398
888025 170289
272598 396112
102407 133682
33644 243536
361742 613871
556099 380899
732327 63239
392492 83464
999570 671524
830721 379854
98156 914159
339854 441590
438155 377014
57248 70322
135104 256621
354010 680288
423580 287131
304090 65067
965105 861504
668426 795850
526604 750837
285638 730744
712489 674180
95102 156544
55262 50391
175393 145757
985773 28269
164494 404174
498806 266464
261450 437555
27971 845140
288847 561392
683770 973641
22887 54260
709178 813748
764805 928104
573063 480718
655178 205123
550056 24396
675013 37129
859826 916929
40995 600945
748657 365788
866879 777822
827279 67850
813862 965367
422036 538193
499594 246158
488077 773583
501633 551567
716227 187498
690219 956907
572825 909353
315583 688760
971350 882036
601849 395332
690586 63702
312811 829737
65653 312862
42164 650739
368714 27621
819263 712519
305958 907374
440848 484838
490191 240662
805572 572216
347081 843247
489380 171443
81543 298072
573394 273434
800040 371908
688099 829776
180245 120588
858084 838008
295612 951087
15480 902671
76944 182815
222918 694880
311534 910756
968719 76505
114887 259766
671053 739237
856215 772165
486741 303618
174333 845962
52090 28234
851189 402541
543254 673256
262786 671141
448132 402302
858870 390170
744555 432061
426678 871830
621153 228662
309122 381028
246097 690984
447511 434324
545835 246302
553763 928089
737690 517982
382766 751311
754631 469004
474708 529386
243788 208239
45088 187433
263337 719178
60544 667232
785963 115150
889121 951604
568294 492833
165248 398602
464990 383411
936467 490639
377289 778087
915241 855662
715428 674861
944365 951770
438859 221109
41274 37181
353633 148837
694717 950037
556603 792501
804513 733394
347021 258121
115533 496613
257322 2290
696586 81442
604218 739109
180968 378712
415193 497684
434627 597966
81026 116193
284376 404735
505157 563558
368663 19746
518323 812898
768072 350939
485278 178422
559111 963091
270620 989043
309902 122880
603120 458208
614689 869363
227417 387083
580198 120818
256921 508695
635020 906285
498116 701772
23781 863697
278299 449990
86038 779775
302138 226553
325139 164676
787846 687008
732392 804564
877847 59935
115136 776134
571087 480143
617562 735405
30115 946332
850525 855625
720162 467861
872048 739928
609503 959449
132609 363491
289708 709581
584526 640899
979797 271538
232360 781301
752414 132565
361644 50546
444722 753622
999165 507239
494158 467162
155455 896253
608477 647785
207932 17385
734888 563666
581483 467488
337957 606305
673281 195741
451954 687963
234003 147657
8549 786363
654826 338450
263736 346904
129342 142380
403100 716736
984302 182044
670651 985612
720676 397244
305630 319695
162122 385209
258045 78318
354564 635365
302490 377523
655513 655848
691945 54377
805373 55176
400986 703516
499423 708773
204655 831016
531468 739156
994265 952168
437423 869243
612768 502670
32016 528745
287021 559166
897693 89571
544554 117316
138678 909362
125900 200453
782889 358574
842767 94888
616613 400181
713119 390363
622908 351520
827013 574843
800968 550113
136319 744871
323332 647586
141553 915038
638593 522864
104147 274058
877317 150583
259053 450180
896820 72598
186894 763570
69321 232614
61935 293212
790370 245871
777074 385462
738685 987233
462769 681034
191778 620501
608634 287737
127688 849483
565162 714864
860378 351934
529491 31633
947016 356716
149791 349967
402187 984689
575613 390310
753191 966884
201890 790842
813708 279352
434930 192047
215279 342539
454974 29226
727930 513272
776988 139955
471994 513271
404501 592581
173991 717068
116116 385547
154629 385491
616217 836071
17803 31989
628543 681733
492306 965256
437883 138401
441766 235288
676400 403596
514181 251245
985090 174105
585509 818685
87217 20399
343118 863740
284804 885425
328837 589659
346176 533831
495865 891850
712474 807370
354752 138291
936892 273102
574783 618698
2358 130046
878553 856395
470117 401936
400305 559792
630968 663892
231463 590739
325520 751456
568284 376638
292993 889685
577394 452742
177124 216124
37025 63344
145473 890812
635714 842107
43998 800607
661265 682563
863201 354109
763030 902492
873567 4442
27260 393592
802489 954772
555943 760012
531116 64167
303352 60502
28480 842300
848388 59113
549934 602493
319364 117560
915938 658642
749904 881445
362559 748035
213901 311961
241551 980818
93513 118665
696601 432080
865844 721264
375309 295971
294919 687455
437350 864347
304035 772891
534619 61431
801989 112836
879354 456522
103575 471833
600126 925951
843341 648553
948095 697116
683278 900474
288790 858765
655939 702661
985649 605533
149784 171520
931019 917978
480330 921403
157082 859645
762295 720054
393517 91181
557560 856465
171033 368605
428626 772793
753217 373797
415358 899452
798622 522699
430419 669988
391127 598343
405492 753081
947141 101653
966074 86223
573202 882105
688413 105449
687820 17942
493907 786844
674261 985726
712397 910735
451368 895461
691728 593114
228220 529098
957840 200742
301606 558338
599048 958854
949590 648205
310452 619328
688273 591997
130331 268066
718692 972027
228836 412269
341329 877430
304647 340165
438767 944077
575141 649921
564168 739920
232264 273100
584291 457892
220616 258186
822971 533943
490361 525310
935803 134065
513010 654807
913025 202122
107744 866182
980878 113404
846554 405324
217864 478700
697223 766827
318646 383318
337712 844858
263547 724437
355162 223904
484129 589643
810726 309304
344686 344237
180253 978016
795298 311489
297319 139895
549310 876478
232156 973045
86430 223423
518403 808837
882557 100941
754558 716188
367659 391937
502606 779825
31263 575837
23224 550475
820925 369478
362170 92365
494042 795994
84434 854535
366399 683733
837107 167812
318301 157998
581225 71921
951536 370560
806502 596550
443879 594799
512663 107372
199467 63612
795613 418224
606871 668213
396164 86383
424810 18665
239209 841843
507054 921236
294292 495965
703821 363459
551748 121949
247811 913206
638947 227808
705317 664958
525506 46542
292365 846073
737008 488292
257404 880562
157270 967273
150083 935340
180250 148394
516640 660791
345925 455945
976195 683008
581914 665249
568370 523224
457225 561960
815116 29281
712863 792615
718084 705731
117687 905873
335408 488341
201170 526571
895693 551982
371024 603031
469878 36034
354193 863620
755443 461484
853475 388220
457324 632199
417739 411944
417123 908359
601961 226162
852371 843050
789696 178052
444956 424930
567956 619597
380120 56412
809174 407152
713347 959748
221575 556147
272573 910244
567553 489525
506918 547861
378165 324784
727285 717788
13569 820837
767737 149423
848395 392957
370054 968786
475917 211926
240504 737293
917333 481424
317633 887261
800338 345686
904079 261808
767578 318991
796048 152696
709282 762045
932203 71816
6537 154269
37400 391734
615353 615216
617998 146466
109509 969299
160603 332306
4722 535324
184985 847096
588667 10919
207666 297576
118439 675055
673144 932238
9358 982791
439206 273635
391970 625962
701679 693038
987239 575687
384642 368120
290631 171962
983339 351563
45712 465288
452358 226380
378046 268462
585591 715025
465704 335799
539812 661575
28421 457788
232034 566160
4354 382484
384410 966432
552150 168016
166662 402872
574207 997295
491341 451375
129476 223571
392706 613130
881955 911973
668052 8061
401174 131026
588763 257661
306989 396964
410687 661130
788979 780052
813065 749128
755182 293799
156588 142098
153123 12943
112276 540581
325932 31582
520837 617116
412353 551732
666133 567960
424077 949248
192851 502526
252221 230310
175020 847436
510355 4063
265383 635024
272155 480466
863863 504658
934048 260407
416511 112191
497344 599183
431966 90178
788616 620085
525186 582035
597717 340424
914406 573918
324109 464408
960661 641679
773986 852459
718000 478480
169950 226204
364368 878402
51105 559842
76617 603835
662222 630172
455585 492828
132106 199395
375399 456778
715277 227492
642542 561918
267779 513666
210738 156863
311869 98665
342262 830974
505844 632388
757763 884623
454165 794658
518383 810396
319097 615385
392630 609122
609158 646707
845130 835918
327912 708408
205283 428312
979755 247570
749753 379415
555568 626728
669001 256902
668056 388230
994664 831729
949733 146701
581647 809788
74439 869188
822049 756421
214052 734217
46944 532846
538177 84894
616588 396492
509244 770090
606197 619578
682678 431328
159114 887444
128799 717492
247735 241245
391277 729135
938366 144761
577975 676857
780759 344143
590810 354596
303133 382310
619988 295773
700992 855757
967751 40147
827816 50901
472669 55194
139785 717385
603308 308732
906044 464045
991167 441552
855042 163235
16429 237218
824701 528166
84997 917839
927333 950180
28150 18418
29497 502396
594807 509202
746768 830178
692824 618674
965326 443454
82017 105279
186264 461705
273602 302715
402064 941783
965798 671345
814741 63269
280000 360635
132698 734151
421700 474604
234668 672618
506046 431582
191270 347229
580242 374392
626378 372213
962826 222394
529494 995144
821704 960594
489586 675590
634123 158528
487629 566911
429036 343155
469459 133217
578450 75627
599786 864057
700453 188785
243019 822138
673357 671782
824811 868398
9724 634307
380991 666345
773398 257733
6565 728168
937896 973106
998682 888260
694102 635400
399672 630716
270862 783542
17657 745698
949559 955432
368138 348608
359324 170233
845391 67525
665589 360516
216607 600293
938866 198342
968859 399594
777155 918877
440681 176096
579532 158160
901124 972448
456450 304989
249600 820755
164836 799412
784730 39423
448041 664622
271501 277552
455523 364187
389865 248894
385786 323878
960164 831038
512824 148733
106053 223301
714308 19544
407519 574651
196093 496158
140826 352041
534159 436598
232205 377193
25845 586081
115194 774612
538781 805191
564464 152479
742412 325162
313204 221596
48024 565566
13147 387270
133571 911988
341879 381074
901391 371458
689260 202041
500543 179731
634171 523520
59855 896776
234207 644566
858421 567868
176245 755734
311420 111696
183611 655712
939726 566378
566604 630257
191771 717067
916940 23684
845790 274557
713252 618635
582222 171424
3113 654660
542225 160527
612501 957119
860126 437904
357525 776236
661361 770905
564962 69706
38130 903024
861886 378266
322464 98655
221894 294451
847648 596510
847090 529741
221210 911309
687099 89449
52364 548877
973316 536902
399036 762355
315700 20784
728544 644242
779555 311170
763802 675142
432907 336930
203855 55182
798951 2185
275785 528267
38319 961806
28876 635990
359460 612312
586011 521942
287156 831447
60460 288388
658025 228260
383984 849906
459981 425985
711185 752380
278010 485353
582013 427732
163991 295935
192373 982999
953905 293488
214454 472654
747486 333227
798336 806859
622230 977627
682790 121059
550578 988072
986152 974776
761968 176059
205776 573545
1220 890684
200791 545908
332628 203978
912806 190521
332380 218521
51492 630433
358192 169480
501707 694567
396081 507975
36488 615972
776446 877324
339087 387104
774746 747667
984719 628779
718212 960273
978317 135185
947028 3667
484024 229280
466773 980245
454806 625078
619725 441785
504562 637718
903052 375602
810156 44878
585730 869717
611565 901038
962464 632021
993737 503817
842747 212914
288249 496271
192740 500712
777334 291736
432155 669063
98346 936552
765911 902184
482465 34070
234147 373577
72923 592475
368930 163824
237626 689527
904083 583072
485108 639182
474860 620052
308590 177910
136391 959296
196077 565762
720882 405548
403782 797531
731418 42448
161753 766932
143113 464118
263713 341707
81938 121497
505167 750092
270516 340851
769135 929930
914438 341937
110292 158978
688950 300415
65401 148086
336822 801494
496047 116972
335068 409962
957675 119534
240710 253639
7537 798909
939811 795509
357916 98009
264284 758074
897759 547041
988923 843563
519934 344426
18669 577881
437986 897176
541319 690858
997766 979131
688064 314608
690123 914545
799761 256779
496667 770774
617245 693520
732541 622887
549020 149500
646324 317686
786730 96839
93940 177511
822863 547768
750504 320747
202437 761358
691626 182306
345226 807831
938555 391792
964304 309165
594476 722019
554508 735492
848809 53536
344720 534697
845106 435643
701819 260574
215614 483958
687241 392099
934446 390352
327647 699737
797876 380225
967594 30395
454791 521892
874206 184633
686428 162144
383172 493362
469710 653762
860450 283594
981151 969845
700344 701965
966271 473979
390569 183484
94380 170614
638167 858851
925747 593079
946653 477827
180169 419802
995242 812298
67605 651438
25006 377929
285125 904527
901991 900185
705947 795327
340613 969439
689148 150224
201020 115360
822125 660303
854230 195804
984528 910594
908568 948387
73615 220971
291257 649390
102645 509265
949540 245522
469121 176538
525165 981687
366955 542936
596172 332937
174400 366128
827234 46245
526581 843935
258667 805907
465852 863270
116181 211314
328318 793733
241621 779625
839662 559416
118223 588318
37308 950219
507989 665102
368483 743754
55121 99146
113272 703192
548270 971926
351842 30195
578546 655781
1680 834900
374664 662192
219213 674745
287135 177937
273733 679756
496197 559422
346710 109241
842476 902827
786169 662009
565988 567739
633213 271212
911855 872067
142011 922287
297711 746050
662850 435690
830971 493581
855344 429216
606589 176875
320954 384616
231179 625344
242219 913364
806025 681033
591567 701277
198385 187863
745274 356040
835217 74540
714314 655871
504374 4544
616520 34486
463809 949487
155255 367234
393266 969572
408671 765338
670040 227459
788620 660178
812063 398007
178925 164819
467143 32551
918068 714063
848943 170283
757778 861935
952728 143953
209526 296583
129819 878120
926363 339836
466166 610320
769984 769639
193046 326993
129286 492556
545771 66811
436681 582223
434137 41945
907160 911648
211081 49746
627562 830636
772325 500001
404872 166544
710115 335156
947676 272358
249147 915455
183367 111224
599017 681425
191309 860320
961950 582640
745426 945105
991544 860751
656054 316551
768323 265562
91428 595385
777333 418938
297091 56640
144925 550247
203298 558450
511604 197732
438044 509871
232255 389928
637964 724095
960072 637080
538430 408879
504708 732756
715229 380272
705260 322790
943402 611971
360111 204992
753155 523943
826276 552630
631289 752903
963600 989467
134809 789790
197061 777329
556158 903852
198000 876565
390842 912636
577636 140371
383780 33292
286541 6637
255020 751954
243479 888476
678851 79641
218963 182047
505112 843469
71353 345536
841737 620277
389350 535215
110879 25566
51534 299089
623131 659516
727135 688097
643802 231350
602767 296049
121419 454640
532253 372604
412166 435045
110343 589559
691198 752039
833890 131606
560724 45205
49113 144879
391995 732948
950156 731363
20073 433880
782814 539064
874875 53262
470545 770762
980846 516686
106990 753324
359536 986791
535981 9652
260129 915624
122432 730671
792117 359037
691692 594665
331227 185608
297444 887105
649790 902369
510351 159070
183980 510432
57679 389603
669697 249278
216501 748262
321449 461675
776259 971006
108107 829523
102665 655703
101496 828513
464239 449520
163026 419365
283066 423354
272099 448908
516364 524227
649603 993156
579236 112603
381559 503688
18346 271496
40774 509281
707421 290164
175059 90345
712519 723242
852976 445409
914397 155505
451375 716091
802257 53850
870202 851919
649580 131713
391771 357214
535580 395700
784939 666553
987081 730357
563767 402641
67254 779375
771509 392680
117036 694103
54280 471210
940838 249512
344644 687990
722002 554467
678466 359488
56999 494901
461294 414552
78303 607734
511037 490579
734740 354444
45383 875970
526473 564091
675597 291083
521706 570946
962807 329317
564554 625251
548970 653134
834922 409273
106778 258378
163117 433181
592772 587294
441729 252839
75184 391451
870625 495161
873757 754057
687013 645568
50959 559756
246294 553190
328651 126285
531562 70891
976929 178609
360060 519746
676523 464202
872040 43267
188217 81039
12296 898673
861065 383393
254155 396163
600771 901200
500782 236308
416431 20393
82729 115706
182530 238096
236066 745891
693285 279658
898150 416502
791767 764538
299352 467333
939286 461866
592587 96618
710674 228134
848695 576886
946324 860416
479636 10791
545078 43383
356051 817141
399620 663119
254683 267840
596259 793948
90191 916144
211251 282288
928003 56049
713540 264381
362292 272472
715215 278
247235 901731
182115 109835
49398 14372
658930 28306
327938 312233
117303 833848
953149 587955
587135 401784
164904 564260
468242 658526
842576 819235
664438 621678
782493 355784
377670 359973
99885 515648
456250 462826
577787 304784
534856 590286
648858 567079
579960 228464
915539 43178
937055 155947
188302 873137
687332 766962
280856 947511
812411 919358
787979 345026
478123 824413
26492 808275
228805 400352
292330 317747
759876 8759
381056 2951
516613 22546
816502 550484
215782 91870
715997 399501
971323 138446
252926 4321
701804 190297
643656 158187
230232 611347
498238 842670
955096 792906
26961 983992
244797 786926
923174 979667
663580 200210
667714 809737
475527 742133
472069 128155
879909 551995
872606 554110
25585 744966
287202 565018
73239 549583
332171 866223
650117 449911
530982 598337
782388 287165
885582 828939
968273 625109
80601 748025
943966 324359
483776 954529
451110 962066
146500 175708
453634 768598
362914 389478
685418 1614
816557 264997
798747 488279
636593 701873
204004 659020
697097 465103
497513 3004
932537 404713
169106 196619
347625 656587
778941 399711
46239 49144
833651 758683
757978 743557
83718 465343
49997 94102
539196 12200
259502 210626
134000 710246
43897 641283
956977 574008
156375 504215
661185 633982
81290 64840
122807 253148
271644 996967
34921 235603
579421 473714
116744 819977
666995 201997
34445 422860
863617 370208
545706 810268
131290 530895
165273 77727
610000 162538
681206 791835
674753 665398
512123 444930
465311 452897
495161 310645
860785 192561
567125 146400
558464 240706
822278 619588
244534 362239
324244 135735
772281 875670
737086 594112
128308 420381
482551 431711
485138 116642
384146 368726
238290 716804
605408 54586
329382 610524
218661 976476
98715 487153
231730 776423
224514 522628
966422 635603
224673 667013
22255 5019
680817 187381
705530 618611
810350 618519
492604 723170
605929 339088
706116 683775
158826 26054
577392 66510
308766 166395
34575 464183
483235 498273
216669 651464
220669 271488
66756 541771
288448 295358
947918 599238
255010 508573
160509 520124
594321 282531
667294 872167
284127 919936
250130 424313
803136 39275
264612 996917
595607 393799
210479 706402
471745 152878
229626 800616
756293 284988
966181 889202
862381 721108
594265 328449
527600 953612
149475 472516
839254 724796
394339 128366
834384 340251
440429 995954
233055 780962
23099 522638
469077 763812
398637 863149
426734 921676
400970 836770
283131 846177
109927 693986
139840 911918
989331 774859
648391 934558
153413 582976
824648 355310
890828 610069
926788 781255
385821 69585
510190 78519
599471 894155
625812 493615
642607 158968
371499 772396
226975 289870
981373 649516
680935 661180
649210 698760
194196 244712
236672 322100
425952 983158
22906 350185
333502 217355
277619 875976
295317 352280
982350 848790
230109 420564
223659 484001
369258 965521
914726 214483
813383 260527
70346 986873
686940 553988
691113 116424
306968 826407
454038 174372
187932 579993
787870 662732
903721 72603
190331 649283
298216 433061
814384 105313
151615 945091
675055 936347
957199 155619
378782 233361
842351 668022
398706 341519
679878 86815
477624 728333
54140 764262
259440 507105
970836 371068
109243 295618
165810 934129
668359 956278
78347 337446
217850 856802
402860 239471
248680 266798
33883 332005
709550 719930
973576 891919
668361 190475
32521 209908
808743 625394
367985 386634
431007 563495
366762 895895
683642 517000
635137 573229
995595 601343
324305 997612
9315 207615
213274 6614
863689 944680
143716 22688
594807 821292
618628 784711
259044 934143
778230 460175
519188 814141
446514 526505
445480 344965
862687 588092
800689 69620
87361 955368
114087 687328
144034 7331
853456 646556
18123 61311
932492 705972
840357 708808
751271 847069
788770 739216
668919 740764
602705 718374
290562 349643
11919 905152
764405 798580
275959 406312
367776 504770
710064 11144
83681 86446
775367 594850
78411 443843
76870 374609
226185 992900
721960 828036
283823 862738
666283 850743
840719 668947
318017 563860
278262 772203
650974 631047
976153 266901
993048 552311
780454 508750
674295 103217
655754 159862
850166 958191
328385 977295
609181 207567
32056 310900
56500 42899
275870 441283
347389 777614
615171 632575
665100 15818
671959 696334
873588 490230
58696 868637
746641 803206
658627 996713
99721 147727
753070 494362
981571 870448
283203 368790
391447 480044
300328 587843
193171 907849
645326 69752
347640 534654
394225 842475
442863 599367
234601 110642
854778 676154
253138 371027
5961 619037
436848 641609
448206 57080
448028 343553
220273 222501
5198 763415
818377 123354
869625 995112
314761 143828
498629 771004
594197 528206
731834 425112
395100 445954
473206 663384
875494 731759
549250 754182
177576 977393
457120 960959
367787 662655
902651 160704
439547 637834
677577 685544
892346 733511
970608 192513
700562 759234
144255 545371
662696 593557
797407 488644
671024 379805
456231 304700
956389 989234
986547 90804
569897 604795
40212 764981
49688 954399
343937 623995
524477 381969
808911 457274
168762 20554
282897 726333
286705 881642
380439 31895
676472 341833
664110 5896
120011 667994
489576 400655
517543 220983
298213 582966
476433 466324
52197 706882
126518 628085
771682 164186
333990 724874
366546 703899
194749 958226
913127 882030
554029 832798
917693 997247
147689 711148
747355 523237
823968 707387
906062 493363
627106 89837
563590 633042
255772 612004
719993 537383
99311 633299
14307 833491
855647 203443
779942 456551
190197 509840
542654 761431
549465 18977
607367 78634
536427 265056
251081 153980
287278 914564
778634 683649
339307 621158
602394 786671
399584 211842
770796 400710
149134 592765
855177 341557
951777 859983
836913 289394
10991 947092
385574 428304
521553 418292
457684 592358
873368 224406
274819 284679
303281 606942
615885 825414
589465 568350
392868 256108
978706 853267
368004 635058
459184 371494
953464 685784
498933 683475
781916 692326
727842 584232
288967 804017
165149 894587
425465 410186
156204 800213
69051 370837
115596 335196
461520 661904
930802 762381
937080 877757
100578 772207
43933 741741
261504 377805
153608 887919
206325 920339
527403 762570
66525 532935
976200 746371
528958 76152
188621 940240
303443 819962
960086 58786
152448 678324
780787 469672
59097 343452
613479 755033
449942 447270
305488 948140
435894 968531
321159 137041
180710 280076
652900 659643
916073 828150
67688 476184
567227 240535
407411 189652
833302 446196
722539 753237
628190 526866
815977 343084
840888 573519
549154 199133
874164 846458
825269 87785
105816 202857
84086 932280
310666 332111
28833 687322
78818 25965
810751 207890
715950 226523
668067 289465
422997 754995
41396 143726
577131 116503
680997 944687
686699 42595
560879 243917
278612 38119
351500 288490
260722 908439
419766 850138
661770 3992
586102 29249
862154 282815
744102 617776
621120 814864
421698 872982
212598 128012
173385 70188
277664 674216
702936 721444
500472 481951
70554 922853
293374 439832
92896 701319
735148 992525
835487 476130
759990 842471
981122 385265
123551 353414
16704 268457
180848 747123
825982 331709
621217 52615
406294 408283
539581 740390
309473 988067
662773 897912
757175 532269
146384 852972
513195 318066
469835 671314
950699 938438
218821 914809
264931 852220
850572 188439
726292 83925
931191 388274
280760 268122
248918 866990
499393 720247
43361 552616
715054 270013
699218 260492
413026 230918
949532 329810
221192 27773
10930 513763
235968 699259
349449 632467
345767 94726
858347 74528
122359 927752
172712 961772
181258 791196
499450 302464
688436 711278
539367 534470
197121 628622
841481 864562
860910 260771
253720 78273
759663 288480
460202 107871
682646 339660
433003 178977
40197 934001
100432 100656
168268 141192
318411 106722
506095 158322
630223 491352
42963 206013
716479 22210
224376 592424
849494 429565
217847 822545
859904 342319
652150 971185
369377 233493
725284 778268
83573 991123
309688 459580
75412 440079
785379 636156
347158 508662
733166 528172
381932 850059
792579 319681
858296 532810
319895 73642
325105 760403
401970 230251
854912 526075
519165 872598
465533 823059
535799 28262
108617 311905
345243 655901
632392 941827
94809 550391
333247 860875
419722 813075
451394 748972
315962 120207
468269 670927
504665 341477
214601 797401
416945 266668
792071 684136
249698 309533
545441 514285
129758 371196
642086 445804
941712 800486
11468 150876
546912 955022
72842 77004
992136 20033
873249 927041
181434 754670
530914 181981
344888 814478
751946 675302
326571 60299
500494 979097
554809 32572
924432 200279
385902 463291
540974 282128
20020 732754
694136 350228
726 529937
525778 573831
41714 856910
548270 457585
990443 401491
128249 77107
698208 133473
391398 640465
987985 18649
802084 327942
962875 404602
438789 287083
104866 325014
273186 401001
555470 763205
169370 682892
347194 137952
916606 578728
209349 624560
966076 537687
288782 456746
394451 670661
893757 130800
795956 962476
325247 337681
313127 347942
194850 721478
679980 325867
698646 407163
563200 916439
19000 453334
171551 719818
492413 288818
464259 218490
846846 106543
122254 492589
639579 489478
394291 319371
309754 290087
987253 386361
534279 537556
769852 19082
412900 106277
78384 651710
92494 63425
690709 916350
662265 107470
640269 27691
783048 499097
876019 311977
920635 822622
905475 672024
969411 418632
456913 593145
728282 842742
262541 839466
26439 570595
756868 503685
876724 902162
124664 447139
208706 226612
401002 121729
779285 655514
73070 573385
920363 871390
103020 71294
846644 855533
585479 710958
38010 493106
994002 594320
480915 739998
690953 319336
423377 534382
412038 82736
203065 311650
430467 384747
971140 902352
413775 291496
555104 550008
417720 760666
39053 311176
392493 293750
384765 339936
633219 281909
913683 309516
677311 483707
129669 766392
540979 280260
503524 704582
866923 202109
303199 614932
366614 350187
537726 738089
635129 524488
431753 995761
95021 32758
737924 954248
69470 731729
820042 835289
479067 439777
405395 963145
806699 246354
932806 543304
320096 919128
607907 623503
778543 12772
733184 815568
626356 407715
370104 870246
461515 888322
385360 316244
52778 880011
769486 981963
945665 74740
714187 256001
296675 946198
644831 569823
754517 857578
378580 207981
354171 855795
951014 444211
304766 380112
794534 332066
76004 201905
748681 380860
628937 121135
797226 529931
556414 984591
229798 997658
749220 183617
433488 141874
810312 468287
418844 601382
242176 818172
382762 827719
706582 816413
701009 599709
745432 604837
897194 209659
511150 342438
125590 145000
70679 479001
901480 911324
530809 813992
834333 47670
983580 530841
248771 516664
877854 989592
395333 742337
334819 267729
743250 312198
215629 288077
276720 606244
346192 14269
53578 288786
467767 215609
877208 324377
185894 417985
185902 606173
789327 345051
186391 478246
470466 795540
705649 421544
90731 640848
601156 770460
359548 180451
250569 960568
674994 487702
589783 90484
47463 75189
164021 742692
1065 19520
884758 791649
313178 941305
838962 676112
664367 858656
220043 339524
22790 533846
828463 78880
337199 288010
533713 618858
448762 432159
433761 193844
480788 267444
439027 195544
683851 505919
354548 692777
972752 888001
711809 996604
291014 800942
258964 532329
709922 950585
966005 700284
890916 563504
62494 519935
105362 706290
804697 594213
811602 612920
305052 402837
38143 514025
244876 186852
500468 531070
928914 211456
936376 206783
16212 732453
681332 629340
86186 104153
445017 497589
657017 658542
157109 844211
438795 829280
99189 864157
932 807193
249692 596625
325979 629192
4956 715506
777502 978032
370515 796525
760162 248737
541516 233613
381923 361555
597941 136981
525816 818303
925138 48569
601749 8025
889671 672911
591105 617369
256031 556758
879368 599102
833639 67409
294212 752461
143870 136611
544171 768416
570010 456471
346865 312939
754119 645762
885962 721312
226178 691466
124998 87099
465960 547262
503716 993387
675309 578964
995063 7193
71160 990990
249722 732644
810821 807837
446837 353156
388857 442190
585515 654818
137685 307227
310591 649931
846104 602181
912288 713622
338920 358313
223691 90274
550762 777102
979598 253164
419566 604664
273082 910108
804023 698169
382662 999573
619673 940810
532025 308295
329113 389867
453832 781540
934979 59770
139411 16293
273733 650903
300164 141506
674358 154855
457489 330821
215897 343138
666392 596225
252000 431438
931433 683285
564508 877585
599541 8581
783449 399261
143603 146276
511124 484667
167829 905711
737882 622177
19660 631430
496184 409325
883228 99013
877062 639481
157881 184485
435698 614124
638042 362692
96925 494151
678793 783796
194428 481431
7070 880372
40902 353174
684408 906921
528528 366726
232568 310004
600124 448180
911872 781203
287561 796392
791035 209972
971965 430281
110337 579475
560973 427846
776672 856459
621315 118192
871810 836208
77660 969883
566637 476249
280997 893569
560514 501284
344904 48217
428872 628252
537039 992924
941569 7075
261811 438049
515317 693116
696809 329542
482197 751776
154387 131798
822106 662507
956126 92316
600048 466790
914548 676696
504225 801654
623737 876882
554050 474599
195307 78622
142946 952052
20427 961579
181394 633749
741049 697314
174628 831652
456330 93447
540461 988499
581580 551703
278364 968914
183302 115270
417836 975274
140988 881301
488999 572911
557234 12678
374736 887323
394540 862400
51275 831107
401517 507231
96093 689914
73144 921484
176417 211434
975501 713456
792755 130777
200761 120101
472207 417914
781223 225995
184263 108036
528600 134103
417649 968168
38694 126712
558973 382109
702294 521095
177654 394320
335895 465407
650324 484908
254001 572158
152689 287226
896124 90301
376463 3307
384912 828602
352744 402923
544631 641427
963677 258311
962413 773800
135798 632662
413492 675420
227210 217321
415771 29488
554800 751451
796873 481101
187983 281671
672467 509955
583707 148870
976231 149894
749994 442293
445782 24218
41520 728821
569596 850814
304194 426597
762618 162480
726508 298979
379792 46151
253173 405526
198937 172487
596325 463655
197427 577895
845196 536157
690084 303357
686109 952509
801448 661836
357884 357229
500156 918879
575335 842247
738792 700315
391489 988910
614499 152248
221654 201295
746530 928991
130559 595722
44573 423723
51313 210952
361768 973424
369920 83176
345175 223827
698066 347643
174429 499948
859146 377011
429987 616879
278819 348209
515867 989752
552610 816320
925535 182840
135211 303718
554840 498576
458073 825549
711118 778605
739266 927001
588609 68063
389996 269472
819471 742142
786246 982612
583143 316711
231279 596953
155201 195728
335646 287356
922692 343872
51277 379062
253244 446157
398051 897602
509673 64446
775249 974653
465658 714504
91372 497014
125503 998211
487539 840538
530066 11834
264598 238154
508650 432445
199054 33418
746203 314981
488734 68183
71 249745
13477 43135
864464 663309
789318 516975
129789 877621
850588 387607
961077 677006
766664 746042
849839 896214
331420 675738
446767 526696
82894 662060
883407 782699
417441 81306
795522 848621
793438 757745
819521 672148
104364 21589
556001 112453
347756 862698
293691 798412
822211 636605
171396 271705
243621 19221
632602 240564
671937 864697
824300 736586
639195 629227
848313 903247
539776 648647
195396 539268
137189 482626
151121 335892
342753 503710
741440 749779
997480 124192
634245 51255
649535 890512
388869 932461
92876 66342
912990 301466
892096 446766
762709 662084
717942 216629
544400 322938
619265 292241
726415 152576
12888 959879
12682 65924
985207 649806
311213 257346
902539 491176
181467 272616
40530 57270
869629 619785
918298 239836
775216 743406
624562 724433
855640 240991
860015 7672
451971 357288
569751 358892
591228 159067
85191 983926
706344 152138
361769 21789
18376 370902
14455 503271
387083 6142
419635 191837
611776 496551
221882 374924
609031 183217
907544 997827
315592 239874
418499 364805
897702 135720
622131 152875
887644 95569
678450 644309
689438 463749
799020 50757
295798 274851
629338 349132
736646 51538
845352 425536
665475 396429
921022 670696
397998 264062
438404 992399
498061 301692
652535 175356
497473 630424
693955 432110
363172 809787
921101 774150
175433 305078
576732 885342
378929 734975
825492 461155
126626 89105
202046 165782
304674 45250
17026 984904
684166 916446
877306 80624
252673 987704
593460 636260
259172 413644
336577 24988
540415 41252
339832 156358
465124 494287
296859 658812
283467 19052
719017 807582
792060 868462
370546 519605
360138 987138
869223 343319
438055 793862
70563 837107
138887 361054
563697 422822
476437 561155
613445 723349
696302 282705
898804 839637
792468 138258
229430 880720
676706 687568
844859 942410
306092 333609
291001 639005
892872 581188
651496 128491
209093 262925
681786 360659
799246 109527
718545 463655
982764 968427
518038 953484
494001 544324
126672 23306
610164 601321
40783 480817
82477 317698
881236 846507
231819 345731
178055 889377
704190 44218
462597 315071
372783 799780
861992 722579
996006 514642
582951 307855
920614 187668
603947 6082
405817 218272
560388 346210
882562 66649
150066 393669
525884 913151
444311 481286
613512 465141
648225 109566
406919 132621
660575 109178
951337 557055
291574 611816
965615 888842
486879 499343
996986 347187
829968 365876
119422 668461
468725 526622
870527 155383
319540 549026
106048 802955
681842 262988
949998 618003
282650 280303
65606 19613
559604 997813
988498 103796
762097 697446
3921 909473
36109 687924
65039 219581
872078 812220
495674 715670
334431 234898
173490 104898
633991 816173
707981 298543
894738 344133
963328 390585
872752 247424
792500 517414
851605 784761
722950 934621
594243 135489
725482 106301
797943 749660
143343 84745
398727 225590
723400 618132
927683 46498
98977 797866
835650 62019
364267 168805
944105 423788
491894 283613
478760 335574
842158 751279
572345 141176
925366 701828
531395 293527
571525 35879
377033 656651
1491 296280
96263 323492
148899 334040
609724 236168
358686 482911
772269 749595
172132 42863
456179 972946
296118 450095
440123 24836
570495 365378
334461 750849
420655 157165
171004 791586
27766 815798
604570 566737
717531 31910
179498 36326
595552 11154
402322 298901
951423 777776
717175 659025
437806 16849
714885 923873
769052 912027
914775 836263
585544 258285
112054 6757
400382 371563
499486 873297
585839 481992
3622 616839
550478 666590
49830 401886
473436 409452
851128 412320
418861 103580
668560 484736
580301 344204
284121 350976
889416 906469
614187 439896
764490 989291
86245 106908
737041 420011
984404 198862
316705 409122
282987 716641
142822 72091
876440 340703
333428 271794
280819 959186
749028 102436
