5000
344668 457987
352873 375225
730042 249839
152640 595296
254524 264759
968883 468820
416117 485681
261002 380026
518689 534997
56134 755244
733234 647369
710311 323686
591560 728324
681434 806661
875661 661901
242311 18764
159384 252353
557193 413263
721428 136474
265653 112066
698269 623412
214991 607573
243266 346759
268287 708240
797529 610994
978559 406169
488081 628661
76904 490679
23861 381263
140644 815274
653485 750927
46653 697914
262549 154193
327079 790273
941427 384939
926544 317686
658943 113042
24318 288442
525014 658188
722527 612197
362790 485008
253747 237894
562441 266558
552837 907451
982737 478964
563820 646859
438728 910611
165500 177837
437065 423343
751056 613081
672729 610198
929372 271353
762813 975454
136875 456797
492117 960557
717418 403295
277454 289141
17910 766638
568507 516896
497879 552007
376807 100334
189741 147310
9219 701963
502369 138307
694684 330240
587316 735840
205366 969466
886247 313782
493148 915740
149413 381068
847591 19401
217955 159324
725758 518336
583707 889303
759073 959239
295082 599691
737223 560862
386876 939562
739241 43684
841301 636543
430980 299978
612765 782946
427102 817302
472081 213422
231884 272032
324654 800670
825437 906526
752439 90774
101320 226405
18909 165871
630799 240518
921305 443874
323108 694661
737539 598514
361720 333140
203767 731825
326564 812767
93019 136730
349863 74881
702963 150902
584320 276059
467668 293146
382363 737408
4745 770528
338308 107550
8235 615306
72782 286627
659069 316703
949232 121397
452871 205941
76934 608133
667174 893965
815545 801262
749546 556641
179259 968657
839908 933769
127426 315871
907331 891859
534420 620075
720463 73926
8032 648979
741307 624985
408524 912911
567278 534383
247799 991476
39491 51238
987495 98499
118817 815839
803462 924108
667032 790696
23006 621977
388967 449560
678069 923771
968154 878235
170993 158881
490246 107477
217466 573908
37197 349565
49721 100466
33306 142460
661319 4355
794077 829749
393934 810316
154995 200583
541818 65680
687984 776553
72427 145095
554361 226553
107833 900059
978855 225908
844202 491528
534225 388752
635713 984642
605374 824577
133578 86818
973714 43234
102175 288764
155711 173488
695023 277733
878905 68176
29866 552534
782741 44910
18347 632270
12889 998161
708006 27150
164398 406879
539099 185939
396641 363060
673908 136900
403512 524214
700389 488636
887599 354864
704820 888614
898456 673571
755869 358320
917440 729131
74153 423552
843106 797558
672121 21709
829778 781417
429668 389781
695636 806662
306979 610230
703737 728260
476293 183122
370980 167954
696972 745152
732278 924017
921845 626392
660883 113001
959046 574275
359087 227619
486799 451434
890303 114377
354112 734268
923019 811013
919865 642242
197812 825596
600746 446567
186237 988
329417 535362
120371 325237
505379 36539
657117 706201
825513 831709
636081 559376
682891 471971
703278 526668
242432 121020
886063 835939
423728 166740
196791 739934
581598 166540
437047 749108
962413 18873
633368 922845
598968 608268
583021 427346
89224 492
362513 442139
353360 728958
765572 57053
787017 466142
538729 48710
506306 679952
41535 643444
265654 399475
410617 149865
818144 936793
411241 527500
397704 16851
124251 457393
314261 852049
88363 24944
34189 118528
938359 168568
976636 207694
623263 136394
967781 982645
112869 417071
240868 280458
188513 913910
81561 699067
771991 946566
154508 724578
873010 764810
169516 598941
880520 371977
311872 880683
891177 83240
662334 279839
182015 168487
372230 496090
827796 774232
411984 865184
432674 687914
53864 655001
787156 710388
605967 849301
594327 592701
728134 79887
113456 72914
58688 414958
838013 228438
663906 284366
193509 660858
332467 328478
450421 881232
500881 486947
754081 780736
247640 30744
280765 349350
381058 983928
181348 422256
419519 363420
996054 998375
732979 891448
840234 794069
593144 213645
735153 268826
245050 710467
724186 381328
299509 333238
606487 884773
334704 325460
160949 435737
546082 112652
3360 611352
611017 51919
134136 304301
834683 398708
785048 579528
407058 856139
510207 222401
177627 879379
892630 760344
472248 493054
837541 759599
179195 468159
275985 540148
646205 891023
919016 748997
746019 611523
561474 395346
13823 120566
764302 15302
597459 730165
678794 149976
481329 676027
741866 973993
405162 95373
374219 915557
823225 805910
513385 106598
411173 443946
570885 495448
858966 99410
730879 910555
168971 771376
171963 905632
81421 809893
353034 39875
628209 885978
743333 878650
162964 956652
805943 704569
700129 23593
440441 860847
206796 215686
256233 220667
966918 111330
407190 471873
667466 185494
192903 759970
83073 358899
557603 87703
943733 621494
100461 703913
311333 100692
145927 758645
903264 873997
823276 792912
479255 315372
568643 297102
112360 926499
874503 169628
666339 45101
725824 910723
762421 903396
705580 444958
236703 452682
39839 79345
303766 350166
577773 338697
257824 530215
715895 798583
745475 740581
578910 961987
36971 85781
275969 156039
858438 490675
565053 81194
42053 898030
817014 708989
655998 965142
771833 574587
187265 812147
241836 318744
581453 626023
731393 333645
102882 950114
79018 963887
6136 106982
54669 826808
234531 312803
654887 28399
774249 60873
227539 777262
109104 433205
662948 998297
751201 24978
187891 878411
661728 1355
310345 872349
127192 289064
335089 990728
764438 872837
650741 384063
357470 19960
883293 490248
174908 972917
713123 645226
190610 417853
353262 58448
292431 194542
832733 663729
841639 318466
343313 356284
95114 458456
436888 672234
197084 838895
49577 253056
407131 618931
177245 718303
400927 908502
314611 842497
493136 524197
388979 954876
580807 130610
668145 337440
909347 608273
619562 948573
457836 891587
14593 409874
400989 383294
686401 593491
345507 267799
446579 838145
147645 135840
784143 331224
806829 837132
106263 25847
428760 399625
581025 304486
900401 727190
234457 792095
452691 278295
15942 574277
57258 346652
907617 824999
721213 295839
896777 927865
807134 251077
813795 135972
608741 246113
938687 834980
141024 801940
264385 188189
451313 511169
575511 856757
723961 318605
804067 616299
181343 55374
722345 221500
162193 482561
952246 389802
683627 968907
479590 168866
35676 661722
350951 823076
5190 548780
965622 182430
196594 595193
485224 417783
921298 951361
707589 387911
809292 529836
53196 559209
234340 911257
933101 574618
853773 108021
271182 50808
224035 301462
971835 353544
912666 454633
478142 57735
732393 472166
839746 23383
338247 356446
290906 484422
535548 471149
55903 697067
436864 251231
388636 790977
779480 446755
811686 426914
859875 163247
637412 622837
797320 143477
282377 542882
759841 983603
407616 295634
160934 493567
744911 597690
647465 747281
614697 937287
436741 815272
960952 972313
236919 907327
692388 118427
949973 111976
510970 989738
11170 255454
457321 115888
751569 758925
959 162571
607430 476
246448 849024
49590 854284
561107 802120
654804 781372
892383 116326
155821 265828
381659 49384
790195 109639
285405 58967
861276 416230
554793 274520
527570 739066
633442 435411
944261 590526
384466 185594
735217 64587
617472 421274
140303 645596
741087 963677
527199 863658
384946 241310
454063 879549
472994 434125
59612 219979
210546 278290
825213 677107
93005 904900
927061 182442
895481 886013
456974 392133
727165 146506
680028 769899
908790 847240
597950 364840
384551 259570
678118 736237
441034 172979
714436 704421
648563 477019
500024 786914
39399 648253
191489 137566
559524 197722
316503 194892
136124 27955
921789 861079
839647 492245
56549 515105
411609 66317
512915 997903
834060 282633
924716 155686
914558 689670
776001 162194
656010 21294
387834 707442
380153 240534
337764 590440
177783 124411
708072 105498
457946 115317
538030 905530
396338 999667
171473 611758
802222 217522
261636 36130
618031 837497
19227 687067
326302 294921
292060 568923
964956 504663
866439 382577
497208 949008
973580 386140
593865 406770
861748 83669
655913 906741
403813 280695
351720 24038
724294 411931
746407 643223
775296 347887
662336 598354
900553 46893
943972 668032
746781 328196
958631 302173
672324 561456
661009 574846
36078 902139
429004 841462
267283 972724
570070 174881
957171 449070
581225 861568
748333 979561
47637 65655
474496 910204
923895 651479
149192 830029
913781 725741
806153 853721
513068 208214
87019 14456
906767 545197
51551 503625
385390 852789
293860 975103
884085 239036
229062 990012
203109 767954
813151 265057
936740 306488
857995 200900
628910 674969
464839 609869
95394 940971
463738 490334
501168 475577
408333 467090
863760 731230
267653 896332
983046 167750
637501 112544
672304 774931
595025 522788
791990 285556
889955 871408
74863 137731
734286 770682
626681 314164
59746 282616
34209 4545
21256 253055
797712 341526
22828 122383
364625 48259
215722 943760
425849 968025
868194 760080
901887 325994
89185 895366
725175 584354
979642 48036
875345 575555
290367 88368
637696 289031
631583 435966
75352 453075
501828 499365
205689 307793
758025 2655
906283 296405
761130 438791
302687 587070
332753 655149
67650 722666
598175 473991
152408 911500
259109 499282
922079 878015
550478 254075
563586 229605
977895 329943
588152 691133
928066 612621
893633 168840
730297 437512
576617 667181
424107 957578
639353 725793
94747 206259
557339 976223
670587 830304
256106 770808
989205 10015
992353 247167
173161 505279
277432 555997
605912 107123
963909 213299
555636 805034
647740 437477
217211 243171
901303 481412
435771 23835
884386 90827
766068 386145
882044 901838
483274 272173
726529 319882
28771 250301
301426 202600
559733 46242
751514 483821
68795 21311
340665 16489
110093 577043
737427 859320
868363 52784
462641 919869
952430 432356
904101 181348
651105 968303
47683 649742
198286 345147
672095 494229
445058 159940
190604 992335
932540 235695
233808 410467
784818 936715
788075 840215
105470 377532
377961 668515
571694 754313
883513 465485
193343 3438
155213 990355
822244 89827
126678 864120
985294 429459
382453 740579
64137 630486
572001 174878
827607 283976
477550 878876
823367 647717
129652 889516
117098 803708
672635 205474
210500 522447
268624 196420
184848 349342
273985 609757
140009 57653
422756 293916
405355 32764
404816 357365
770560 835821
982100 543310
759191 969394
248279 853470
245109 394412
187412 598331
657466 131540
480145 709978
39730 442181
287938 260186
235455 925666
452986 170737
260145 356348
122155 102485
16013 312977
224077 124117
265844 37070
369540 156000
722471 481780
518184 152
157961 344448
949884 304903
945719 811179
164417 673370
709475 166432
500889 565577
510643 651643
172422 647010
159548 995358
72863 225046
365182 945417
145834 326198
200671 908823
799208 547314
131977 499074
439304 359531
941461 851230
232541 365037
281614 773643
922605 736463
674430 120283
67464 745824
169215 203066
257902 482825
229662 299043
988979 16262
384614 102166
524500 591887
172386 632271
255812 540444
419640 765094
891339 221512
552724 893986
910929 242867
368817 841106
388932 889505
627232 315522
95350 839388
183295 930289
492878 140024
9316 536966
978256 278301
924082 699422
242866 7077
976792 576365
648556 815172
610698 299039
878553 135752
797732 439018
182711 117006
64482 685569
818984 848071
830135 609334
74396 894988
313457 333581
609269 731248
530921 161140
403682 30777
613652 133539
552327 747043
750716 378604
423963 66314
879717 360762
556345 936674
131019 737311
824238 492013
348916 281170
704030 947290
166975 866348
89840 966242
741525 741294
718131 270466
120925 369240
893225 654127
48749 104638
257524 536595
133074 907572
675863 165705
11532 329926
783534 604044
441971 953883
715850 972771
571950 332454
77535 717898
161980 54021
224570 645546
400014 554534
701320 390110
765848 47404
754020 762721
9993 688537
415131 507670
205850 587113
273547 820421
200670 491028
763647 117802
825122 312794
681679 667316
130108 218458
617941 1571
528750 544221
55831 821192
670261 852708
270182 482506
64207 717690
114892 17992
61071 214354
488629 444968
488314 574559
683315 304120
576655 578794
331142 522781
203117 441333
351415 46075
658786 237639
994055 321842
389977 246389
795964 697956
628796 211756
379346 927043
401171 166407
512497 16490
519953 673634
997851 749747
947109 209621
189700 23872
214462 795213
160027 214470
403121 525670
153842 612927
932027 535953
777862 524659
766736 334954
537807 340448
67543 199053
732187 120968
964954 770289
156095 845230
267601 404601
652292 406307
510193 987330
351507 827341
724452 281560
847124 558484
415096 779368
568010 297583
350594 208888
972732 500220
259097 986482
935411 426626
640200 818491
292146 426213
677832 612799
837377 165305
271550 206163
12531 435155
70682 863566
469819 725712
397258 481519
85269 687082
612047 538799
633397 803651
689286 718332
340551 237946
538813 658608
571474 344299
488798 832463
564419 568415
826950 708539
512101 984099
373140 293504
827839 180427
918881 95361
659825 789444
985292 568061
244865 189750
407506 426299
957481 774093
28869 975977
691071 57200
991681 646660
601617 240105
780138 88852
651078 997427
627173 554993
409724 922707
764644 790928
87547 337495
533874 464203
770350 540120
339136 170870
424623 676174
816978 501645
820715 737974
462891 830799
225779 379542
632848 264006
747992 77959
963383 600331
875484 407157
784226 389794
497384 972618
126326 156676
11812 267551
223022 53532
840494 460703
333864 278542
920649 227991
955905 539236
153645 639978
264939 80291
19289 500545
456850 106609
705558 73195
772108 319684
581323 513478
222453 96537
876571 939129
508002 56798
976267 32274
35455 525020
864239 582212
407726 75326
454714 250974
520567 132045
603177 592027
744301 374587
665227 326889
309600 856271
614057 910193
707187 400572
993946 770264
47325 141389
881336 309696
422634 633362
841823 72865
575777 67395
901643 220578
279931 733510
571733 536419
999677 847886
682750 110120
443341 549984
932265 705609
361250 541657
514208 728975
741407 690909
805788 744333
276672 675839
812955 65833
711880 999865
351360 420885
475246 287401
752777 969954
11150 337810
303903 274906
398635 843079
511594 530155
401904 684488
131603 412663
923091 545707
794228 597386
833558 938545
322197 420638
737525 457339
472377 275753
216983 301355
777875 133147
646304 233666
987843 117302
431282 358808
391262 144950
923479 85287
489846 463412
353478 73992
428885 389666
396296 633792
544353 656233
121735 939040
589968 184264
117046 838492
300907 220577
701325 719856
113158 976062
274056 268267
23219 816897
125223 550001
386232 472972
687481 832758
111608 633074
460526 586261
652044 943517
427177 785010
834964 11765
447145 110956
912724 135594
881962 725863
77774 8377
710952 170366
34665 452232
126270 268970
657525 961202
522386 742411
58255 68032
33021 216182
435298 280535
769279 505798
302129 44021
215310 680174
573243 673318
149 730152
694905 578685
466 305219
306375 54408
395005 17189
295401 639586
213696 80276
724888 549148
471863 796508
645125 613094
731009 671125
318306 522731
918911 517133
563686 450784
922196 164787
249540 353038
200736 963683
753994 480517
244022 38640
29825 116889
236569 561686
272919 190331
502028 781488
548282 387709
811588 716345
513705 261560
966391 162563
820405 915315
404101 231007
611801 674140
601401 297788
559152 299414
761319 490058
742038 152966
562808 513014
809576 936807
725894 977418
69480 463999
393626 665851
515988 556145
746542 244834
743185 897473
895268 272376
460103 449583
608857 554689
965378 388100
744096 152558
126873 967520
739576 352703
914369 476141
120339 184656
800185 585572
765519 9066
285383 830514
422387 440969
594414 510136
519557 821207
212187 942730
794547 983904
173787 452954
677980 354069
728054 427048
165398 637398
760157 592251
810386 537713
333373 549173
670846 627943
223326 245640
166962 121702
943512 251711
621279 126854
182526 57366
144174 554688
241221 598332
650834 993
310793 436346
950474 744926
762603 97028
972265 6198
804591 113766
313862 383685
600370 65029
333416 781451
401071 513169
596104 36267
121699 785031
638342 759215
946336 496221
279830 644864
656263 711719
675254 457220
998591 485779
704939 836946
232164 600777
767979 833390
916754 987591
336609 461219
207525 959431
906803 622677
974616 957255
319827 314250
607622 539081
332947 827715
73501 826127
531966 575063
49572 226101
726974 744077
82677 413956
194292 725600
576303 755938
37338 538909
222615 4548
396719 744449
875083 212474
986919 575801
377508 970069
282284 940392
633459 596499
485272 843450
729916 278728
484811 519400
706317 805458
627567 24027
511219 561746
983767 827767
829998 641382
942710 252192
699482 256121
506752 830863
337803 939078
647375 858905
91184 924700
224281 706365
282171 871436
379622 737233
524721 297988
533151 754863
778689 454838
589015 265923
380801 217638
279517 810423
20393 780989
537913 921623
326127 783038
884846 257647
229167 516447
149067 525144
194148 204276
798773 725716
306513 489693
654273 803651
337896 191523
764125 778949
20178 807761
44494 905639
509950 571147
711487 428108
622274 781181
233697 216584
812013 828470
116369 112063
300028 305048
73731 795004
751154 423269
198485 542130
146224 584973
713440 611832
888757 765112
595329 158223
701579 688861
624507 466391
717774 372815
22660 61410
547154 870696
104762 750785
471800 147395
618344 935774
90713 890526
455293 919920
723028 702693
471350 925699
797950 694050
864238 192817
172583 840408
448947 894581
549247 852789
397625 99533
838668 706394
282600 163900
344985 520900
109558 104426
97193 285842
503420 998857
788383 280923
583272 63186
283868 362467
509280 708204
35363 73310
337479 566301
768955 470952
721397 293744
757704 326288
862765 516929
274607 588503
408675 44215
640312 958
733741 89872
534611 184785
623978 400320
119196 378052
967611 540803
74264 152128
803650 282886
37951 702021
660789 538278
855828 819608
242512 558582
820161 296648
561429 589366
606557 131228
969715 931413
122574 50902
875291 654157
851274 646972
583121 441519
812589 928128
928677 596410
841859 287404
402087 694185
950795 287749
233582 10736
848182 292771
940234 190632
668506 710873
524245 387211
967196 392810
23927 245716
202695 345368
927417 314303
490548 949411
713623 466787
897706 593819
828060 903718
185930 713951
484830 654252
497332 959124
227984 330913
250937 307428
749317 732226
498318 987021
680865 961216
604280 353485
83786 361035
766417 895262
272382 981810
371544 759975
357702 972280
582169 80301
752055 132787
612758 298277
350841 355143
702363 589642
130317 812991
435941 462230
931901 347035
493821 783377
446862 430955
114239 182961
711867 294417
168215 976364
279347 332945
404400 630229
253552 769776
269670 837293
739866 632955
458776 485038
804995 722211
54239 668956
479403 428846
296856 141540
575016 813935
934098 48394
342746 238503
599438 337128
812781 439064
49926 361517
172740 65227
116685 23921
100782 339692
515061 567904
111603 200767
689368 33470
990220 654067
121581 311574
225839 279506
642310 874114
664797 759961
764847 161859
104395 39176
18211 582155
575638 236562
49280 694469
194555 547835
183857 834740
485071 527503
507001 789966
681578 629387
558679 734620
742913 870895
695853 223611
492507 72997
332670 15430
133789 112481
225262 384505
168732 501986
216131 275696
188791 780577
87984 388622
540887 532789
55546 624412
724961 350012
595763 368317
679872 598730
320705 946587
939802 440703
286424 545325
747371 210992
771611 329600
132410 515224
164144 511186
518562 114355
129364 206689
828253 218360
485263 370463
860843 662820
821275 6822
389975 427346
41924 985743
282328 555866
121939 655369
413414 39291
545233 295082
173317 902028
591581 448501
510554 644149
967948 511375
492488 677910
634959 735414
154010 318677
149635 585161
900192 70864
331287 100135
84269 412387
96123 878331
888458 345914
684579 544716
629094 595786
21703 636331
951058 336888
388468 807762
538904 524249
396840 894306
666936 40909
884869 80159
679140 130240
667320 488195
959093 155708
343114 854947
427329 603998
858143 119729
996420 595333
948836 282944
219422 554834
147178 179110
382673 275454
358061 68316
416344 480824
521691 396549
47930 385850
97926 408631
56811 610219
340195 159033
651778 670421
293633 55590
597129 186425
206388 531657
648011 322022
228172 78342
662365 739530
172845 351632
155380 912542
564942 246841
224626 388489
768476 785285
840116 270253
738832 920076
289641 829917
519221 469784
905563 201079
758991 102283
419573 921210
268608 301502
917659 666242
879625 454466
453500 891162
480256 338949
677255 886841
684487 461066
602075 637307
496259 265936
475174 292942
970546 829073
575857 61892
177806 149763
408714 350454
90675 959145
264123 708255
313880 782625
340415 819849
25779 863235
274279 379489
728767 540373
317900 434717
334729 101313
737608 465328
872332 743519
62961 155983
562757 561880
733066 310870
402681 772594
662432 365857
658400 361993
748818 928386
24943 350148
43606 128483
333977 251595
990742 813704
600542 62471
524848 860199
563374 914833
359384 507889
830608 124900
409970 578249
668279 169771
653316 765201
178961 550426
901684 714297
776479 862581
497218 557490
124526 552728
124987 571725
246767 443966
767205 254335
192501 178549
811657 966845
512893 268754
118667 251271
30388 757567
542314 642825
289289 40585
164304 413677
327252 51527
801818 708515
186839 427810
475463 495565
371694 378482
375793 180826
517813 832517
510569 255454
663078 303461
75598 180034
142801 671267
245978 469221
784845 54821
630854 482514
35648 730501
372095 535625
682857 417404
85576 872817
692046 83612
930740 436261
775925 838564
749039 607263
928555 360062
889785 63709
743357 245387
473236 179250
616874 80785
313334 230286
6931 293493
880408 333937
552274 374639
994336 707588
750910 924605
158240 832330
190471 608036
179680 226550
789526 960515
307808 346465
156619 468266
111778 48504
318189 949555
646001 910275
29806 487622
650988 435544
928572 486640
449669 837812
268811 105536
854179 895994
18132 778425
612467 549091
440448 38749
465804 68400
67186 88542
512769 393638
357202 857256
640927 578842
231014 651814
56438 194538
898728 831332
946776 912713
105200 416389
102732 219523
980069 836480
525954 443179
39741 561319
858033 771877
745682 155184
685078 131659
857949 132034
925794 327879
55330 330809
350600 500724
477634 468865
293139 72385
909451 447872
480609 425853
328517 404806
327887 66003
992478 163373
998346 598194
763379 163798
866417 328242
415998 240060
809574 86218
120661 504604
924261 665185
471771 873191
509823 134634
517104 461869
730394 569938
133209 140911
442141 86211
738979 753228
332746 279490
454944 29911
696062 996834
733283 957517
108459 27868
838308 806882
779565 604150
351956 104161
479588 312859
593747 277288
311121 55191
786397 658882
577747 236991
441711 301170
145152 365749
667927 660823
119940 962475
577748 703641
774592 36446
276006 812555
98558 845190
58252 592021
303944 308359
671560 623902
197287 265641
167508 683032
336930 885043
751904 529460
379045 847995
287215 838965
812785 157621
716358 124087
88213 887332
463740 113284
200199 471634
501416 88813
115874 214380
653995 328981
412514 40427
225505 811456
867804 319277
41829 603985
977289 952810
852125 105901
124468 729136
282788 182301
579698 899527
568542 452649
393571 901712
41905 501437
658802 96439
998354 377454
745734 573558
554711 723281
722130 928267
839895 846614
721817 51058
650255 519408
634393 241311
841258 895869
539311 189815
585569 62977
161430 808369
95370 411022
803209 589972
658252 518282
875537 715944
714354 865547
443350 416919
227200 314526
984144 194742
550353 976619
161733 752142
378718 217718
408534 75342
235149 732013
861219 762575
853315 970357
415633 151713
723770 897279
44760 769755
418843 881493
689975 357174
457604 726296
10097 989008
787961 4469
886515 143708
907293 148116
6700 212223
239854 427220
516525 597125
12123 850785
344875 846831
410995 320365
598847 738027
605611 787470
700561 579563
441247 451855
805626 530687
397074 86860
601224 977362
43490 923633
36487 418798
422099 906753
431274 769681
912706 110014
897909 515462
705072 657994
532851 798197
932697 297767
279185 760986
441911 405949
627745 143092
548317 978157
479123 198184
185213 183584
911437 65518
805023 800352
202710 397164
166488 951381
981121 14313
729360 22927
267964 403987
491789 707382
983727 955517
621130 342274
434230 206526
170428 974756
604955 307051
912084 867820
922977 806660
707558 828243
448928 711865
90320 464903
447444 728516
167051 553342
564691 351327
322001 422946
689967 657636
540872 178528
615378 3998
244897 971605
483591 779073
165074 726496
741872 8954
592934 13753
530898 881429
42095 431126
496462 675721
799465 113934
353297 495613
954347 507897
857725 164325
15988 393976
88838 72700
87207 864329
756786 79204
834139 436758
890543 71782
631649 662127
913792 883542
686857 684645
828819 128334
396298 102106
134848 218385
21036 640604
357503 887495
926307 122131
259318 195346
67042 470303
409090 163602
489268 19061
703250 155053
701890 290075
999202 169271
737686 933706
921277 964606
484563 76111
746649 995757
413806 995544
286739 734831
388702 43056
531942 130581
883594 900697
891907 496010
342078 702742
889728 973064
191811 899823
630451 656978
256202 305248
627303 369394
841381 140415
8567 456544
381893 96192
672617 422359
631693 337211
877595 161128
484084 499393
944801 791969
972998 492238
980951 552745
615834 219499
889231 878624
773669 936345
725540 373300
997420 710452
840874 5167
778262 957237
583280 371463
511170 601136
419161 241952
441741 928224
921341 403252
740638 633944
971606 596517
580336 945345
452825 212825
332441 287765
610404 138690
483312 828975
946767 551566
123001 842601
666611 779760
754165 819158
404695 504354
172146 383592
453628 471049
587103 460232
59975 420368
312946 97246
844974 301570
614974 290544
88526 145304
606402 819684
16833 307375
208587 597936
61675 839991
18897 261485
611651 249274
404646 333094
335224 217031
724512 614053
777261 758422
3958 718947
110977 351192
364260 591021
169871 807608
248613 844902
966431 884984
215779 740558
496757 385548
868275 290543
548424 756021
38571 38493
254612 995876
553796 133621
723744 844443
513663 133260
107338 981776
23124 840851
892796 288437
582115 525715
257715 547027
882853 792648
364330 817941
485716 296695
451124 743964
409907 922472
592811 430147
452674 564229
775598 317587
653674 41504
656287 361078
175124 318361
192905 199867
452889 953056
821441 867500
84722 239002
657100 64777
659197 51247
940632 498344
858627 710367
450786 72251
215125 307188
545278 727401
553565 888621
23862 87525
704633 213610
898972 798834
44304 403638
664776 287989
84977 577700
236403 158598
571700 999791
819629 72770
428137 962800
668956 978119
363030 364162
376065 33291
177886 145167
908982 239963
949091 346969
477362 500483
803805 907296
729573 620438
580406 924872
339243 608357
770838 536979
158885 95597
169004 983443
307881 647536
9207 985222
235374 711986
278287 440542
274984 568392
665195 519580
239302 626715
24679 731002
320508 136659
789778 664835
498993 19661
257498 249179
731990 202782
424200 929150
53613 274974
537664 460751
409238 763566
892390 485816
54870 156456
623185 778031
427389 154509
708981 206649
236310 667811
239895 628346
828529 889763
752197 259568
200294 126894
478509 695066
842689 785533
110653 686073
910973 358523
946355 858767
445103 459473
268106 974744
63073 762318
231817 607324
476270 106360
214747 803340
175352 722124
900075 204614
188409 597021
34521 560004
182339 529984
696589 796150
302533 490307
10028 158634
192390 830859
741835 66824
680555 9660
344365 863602
171327 201910
494636 181611
947451 167451
798514 573588
423304 632851
414528 349791
248248 798990
239415 938650
361162 231963
170350 658664
930974 747915
152742 363899
195066 553647
19123 878763
672832 287025
526944 823803
812143 262313
935338 422123
27172 848444
816955 899947
698102 610211
925533 859991
977920 65454
667388 432996
341407 101416
207111 837490
385386 618889
943974 583020
111436 712546
679449 965802
815106 431235
116355 635584
377250 192833
104615 874261
478259 97947
974263 679371
795219 468238
29054 238734
648951 787191
750219 423511
313889 199275
66679 591493
457235 167889
96225 675670
543232 230459
968687 512200
450551 19805
394199 988246
282771 870075
929489 348124
728134 193013
25084 672349
908041 81967
374323 97505
165154 560113
983506 595983
640299 990826
794334 988009
104279 164656
568430 549562
378683 662870
53316 485112
761090 340262
501082 131803
673959 569387
382815 994459
807335 550729
224383 93143
355379 557501
212660 909960
573622 146841
834033 758297
841304 25338
485418 988461
735069 965313
40529 164535
453781 97818
484481 693535
373400 651518
714854 5336
881801 417906
721254 56000
179261 321684
985630 835792
885268 647951
213828 437006
507023 217208
284542 358377
487483 535115
860423 410414
60813 575476
137561 783645
725574 754586
834827 735810
251423 739653
465349 71502
880074 669061
302433 908866
127714 992868
106491 200771
47198 898060
526610 978335
802972 661986
588134 781313
291474 529181
964339 581716
591997 883787
15399 218436
36747 267131
256266 102823
443349 666623
218952 580092
840872 443003
425831 623240
610954 570175
51481 698995
143695 176874
811218 941577
82794 875135
595526 810004
126455 653429
707915 516303
233546 392249
496892 575665
599323 748894
235122 693663
313482 447259
125314 696291
13927 329056
11941 25689
87169 750115
793024 641837
155619 241522
716149 420464
485216 325901
608989 277867
471592 10244
233694 54352
254255 113594
324456 234847
592627 656605
371321 371980
983474 831894
29494 347905
169714 251826
946304 557453
666739 873536
895709 476379
580202 409007
991240 127497
168932 191795
611190 801838
696789 182218
605045 263382
346278 492455
83642 465031
977957 904215
834036 822477
721853 404622
391248 158011
398659 571054
81720 859661
373451 26934
324140 56732
604526 438175
474701 538768
247621 248270
845211 365852
134449 185118
598569 508683
862811 636246
913078 76949
320257 661846
977155 444765
662361 5046
874909 724007
675891 503779
402650 54232
296069 184480
269995 550141
330268 199129
331152 734756
599344 576488
803099 232974
982126 224958
838103 814254
854236 744318
103600 921965
554862 869215
175985 178362
430357 892722
410334 547580
333561 410339
308019 993781
497412 272167
859633 576995
907661 156726
861502 371403
386051 50142
648354 999077
854757 591188
254765 887741
619804 624148
644004 269813
370796 21350
325741 181755
756751 832111
319956 867859
36126 846898
41121 565124
690438 602721
601922 430874
77917 562975
208005 780870
504487 860057
84407 399945
880477 984413
864270 144369
86653 428807
263394 35928
831405 225223
92775 898093
87731 48848
621223 911648
140357 71435
362407 175837
449559 968002
960025 838053
786027 355822
218936 172133
130508 953411
939737 248451
80078 47114
507820 137203
440195 870311
73537 434323
727663 500894
302639 705043
908708 721794
824703 490435
568884 127599
224347 436862
285517 811135
56791 386981
460967 360984
131262 800039
905145 353882
884520 15365
696424 763718
271874 299923
257545 763396
592800 587260
893745 3411
181845 387080
715264 249414
562478 10443
305379 451992
349439 303924
850170 842591
628528 201728
215031 237123
718888 907694
649542 219307
66038 780217
949282 49802
252852 411213
820548 535315
711706 663795
438909 157937
375182 964480
407595 776170
435620 989475
970801 127604
625027 954569
109342 408113
261590 730131
859543 118281
688293 223354
762054 63303
982777 181242
413149 256367
944580 526906
892757 451882
1655 328926
783769 774548
265802 982073
441372 682093
312952 886071
200601 224950
328906 534745
471980 980432
187827 232499
463380 888
603934 97501
320910 261188
766777 626569
166538 267372
389633 109372
603504 381387
964849 124750
232849 772126
476299 899081
882508 279292
256548 908845
798469 559520
767727 365764
38388 865681
869942 792788
153615 968752
77940 600949
320426 243955
62694 582438
382373 163327
811095 585076
589735 108804
760169 345355
791070 336813
288923 181758
595424 189377
916033 926849
722602 204942
221663 169839
672350 960520
704349 268964
902355 564035
352553 608232
676963 911797
559912 130214
622522 597686
539276 323760
647444 646779
218794 579369
348702 847951
388129 941198
651430 422852
960282 177838
745007 313592
349486 477417
433984 846882
816423 554343
934405 24346
36164 51430
195688 996924
353340 789398
31881 764504
225476 905855
782625 952226
689852 721926
990499 27911
742925 393562
914265 150195
138454 349510
279318 8768
251356 546576
336381 509897
639372 442883
472243 563326
652704 530272
15748 14880
228560 737439
943449 630414
881548 897980
611842 772813
455612 437060
394150 247942
829498 97853
600925 953332
466080 264635
312545 438996
456610 59902
377374 706771
905589 372048
594054 679481
96596 940605
394619 942766
332486 897417
128925 49482
109682 857931
132026 795516
873707 905182
360442 322086
728428 703545
967654 410746
273947 977029
998672 323398
582979 942984
783862 466293
651235 588669
472396 2158
769015 969099
526184 994122
228987 517506
523422 627385
696328 164300
787704 741170
303832 929099
681292 441033
429516 553383
673382 591692
789151 688058
539378 967385
867930 830560
664083 260715
140547 616566
419432 138710
184660 82586
207728 728418
756910 909962
606116 559227
960573 994114
752565 906814
135998 13504
600287 680252
976841 586810
836196 380003
776474 519842
778626 995640
87278 282816
24290 14718
160174 938153
236773 989771
937949 969981
876773 690384
918169 950283
164729 533091
70911 394910
804302 630957
681233 526581
117412 424841
623319 175991
849913 705633
6812 623313
179150 48631
471471 190124
322864 789556
113815 478127
836951 764213
822091 830154
294462 211999
806011 429098
56290 350187
553879 243763
323927 386469
316951 591676
164706 873694
107360 366065
181031 716660
500568 293107
573524 481996
483715 835969
174333 177565
603740 156710
173908 945067
807193 428880
341580 76777
785881 100567
806965 334171
98762 650877
154024 975046
239322 354961
988189 489030
218824 453622
683118 204217
493856 624319
591418 333580
48092 586596
221499 846185
236964 795190
741694 16860
347471 365448
857491 890908
547608 101079
128872 339827
45881 958742
144495 474446
51737 491989
355565 639132
376490 611642
299295 420370
487799 79945
441785 369643
548230 565925
345313 904162
356433 793061
607869 882289
670278 189303
374897 974313
70540 892943
528324 365896
355756 587851
303340 549622
495115 7231
265625 439434
480119 135219
787436 113921
166415 969887
365015 55959
89901 798997
542082 164264
840353 518
875311 174420
769524 663364
72133 194099
674170 300610
488457 170046
341723 180257
166505 524517
631203 788753
616738 684009
840283 602028
488948 796271
771673 169630
890801 895311
73847 128506
756008 309146
843686 208273
392239 878620
6323 120744
272276 250958
970286 816266
595145 205810
591049 716661
901665 918386
556410 133447
179752 195251
884869 538570
168957 124628
211651 579324
504513 244186
378082 906032
715656 385597
621010 873395
446763 374758
404639 50303
880740 759756
447986 800455
883807 504280
9824 862456
788434 977515
15258 945363
398321 511776
542341 467926
963739 957448
976358 77022
652370 848996
766888 754847
729482 581177
581094 922472
56380 607588
165462 429492
844075 657116
785097 981945
620153 260557
158716 82903
36784 609820
376155 291347
541815 746760
915008 5203
952705 214190
468451 792867
790013 341311
915188 861192
650826 28020
675538 339764
743570 749061
855562 281475
999080 753549
315115 219791
584879 9623
249313 968658
167018 104074
739987 695987
456219 89546
674218 753225
110178 313447
822215 399234
655531 880049
99216 703935
344027 544663
296661 647724
525995 808883
385961 875855
634815 951686
269487 717859
687761 970382
153107 49146
85161 372294
856030 933945
912628 124295
37543 612362
911337 396920
801218 745424
543034 857026
611626 824651
942326 704371
253313 324988
687151 157288
37844 873081
223970 216989
550962 95774
258885 107945
41065 656031
215027 689588
651456 735002
713628 446498
933065 807189
794583 964178
643963 137542
678849 577545
670810 1211
994871 692456
92806 620052
322279 946133
806508 976577
17705 54823
849465 469346
667833 94325
527659 625694
964920 591013
782973 327707
422102 308563
678190 434112
518891 927287
165874 541348
654412 651409
707113 95785
492294 768875
127870 190212
555083 806336
380555 6121
923936 637668
298910 442304
374445 744681
8349 645237
690681 136208
647378 746425
342727 826329
848147 619378
357995 184060
4630 168494
196922 549347
274920 279754
114124 793247
634142 35451
362140 620083
756379 421084
681852 653529
37602 750881
860750 84058
541831 857359
526730 860370
825102 565892
719784 93130
214858 277201
967366 330150
987641 103154
789177 201937
735700 6679
788107 238164
963178 569427
8770 269714
910330 671860
38316 539600
984456 513557
228150 926485
300635 281171
764683 799641
564752 431669
693307 862654
575490 506843
361128 560784
767705 127909
56761 37972
21902 588350
690260 17100
184218 322953
113883 493277
594687 200133
94233 75128
50682 429349
590597 345643
868713 575823
490489 296741
276081 7571
383486 661688
659662 729006
16926 563751
323058 677990
105137 513547
194181 43069
155197 463387
345863 720972
197585 710830
328088 768646
332156 183165
328964 77734
539126 358488
914903 564518
99343 1543
813204 785911
824209 978918
147968 214886
45982 150173
180904 450886
867313 535876
554034 234212
228283 87874
869888 111575
23024 293055
64924 995173
923459 498384
511779 433246
283952 615081
710253 314214
16958 996445
107405 66595
471899 911901
134249 821724
930291 58266
412079 339297
245222 330016
247446 324371
827006 941496
954504 705956
981267 304958
455989 747903
864341 395036
122619 261105
196830 697085
770009 968730
81461 641858
76218 966854
725674 155834
396001 438358
570831 433321
235432 716412
913821 710635
565916 361194
977993 231802
197993 832308
456190 667131
740880 390712
575115 676499
496019 537220
470347 824812
140675 234230
43848 127269
146823 112602
964449 514229
244429 929151
429596 421958
191387 587645
659490 732930
968428 66286
89703 572449
627433 18348
359127 89881
965532 27594
632762 633425
931893 476078
830802 584051
661681 36524
908087 965680
20900 595486
471350 699627
437953 139144
645554 645069
648306 979842
426898 94309
986636 636493
30342 706654
45816 65040
697121 461230
824960 195655
900766 17992
977694 281048
484196 424763
59210 242602
430948 889914
292467 275301
792037 727803
207490 138846
889092 791997
53949 665023
974335 66722
808500 547959
188053 276946
527618 992843
595487 669483
718285 784707
581843 195053
780073 848143
195037 816698
698933 698077
641229 429360
183312 92406
667030 872492
299627 547711
34431 78431
576191 626551
183138 883411
510575 187335
807357 694495
484192 209147
389207 23336
871050 767544
789339 908685
551698 469187
364371 577272
423515 695299
262163 858443
917723 458441
577792 698425
331871 551901
89677 185290
303561 175613
928883 380770
168670 738071
834372 290457
324164 949520
997198 857890
539344 427284
180118 756633
160340 359555
255906 704834
850160 362274
467790 801280
512203 35722
459228 490621
635576 857261
324171 957695
667028 693223
67874 800984
800238 880434
426931 334510
22426 628309
947473 904113
996051 764847
215431 349659
4814 359832
2031 193215
455775 217
943309 549080
752162 595795
449423 583552
509427 35006
630879 268614
995190 136230
65948 299909
534024 407503
151498 880403
890327 914902
16481 622140
193066 995694
542686 813256
260131 222152
244623 42410
103089 560961
282990 272741
286754 799556
809866 587009
40174 685612
664673 971573
221054 815000
668288 974896
714421 931319
935194 604661
764838 908235
871537 609277
959427 270646
584216 935966
585066 382033
642059 805130
549093 865196
750003 502395
280075 610612
732510 953581
251133 812300
24753 765970
822639 353266
569759 420507
85625 606853
757179 315163
205420 5344
426841 316535
165293 608677
335825 657045
166325 206478
780449 518730
453371 675737
494290 344307
143755 117742
289443 211982
533280 474574
205519 49339
517343 911160
882572 214187
296288 586678
366840 694182
989875 534770
133289 901445
357039 756389
646926 679256
131899 748818
950641 43005
150570 98738
389178 148408
187077 801108
686282 837847
764172 757143
544492 986804
106725 481372
736183 91977
198151 539798
17934 263938
562697 318162
145036 74043
726183 550508
145446 595157
153606 445382
410363 468749
526725 378715
748362 725578
807209 881528
477159 137580
400697 240025
929101 527213
686465 92762
793075 871293
424664 127318
300263 966526
391477 352927
507580 735204
723630 137903
660260 243613
81538 17014
67298 673710
559170 478220
952897 857412
729271 917577
791752 147149
987264 944219
847593 590106
632577 911488
462386 894370
951091 316203
14513 498471
248633 316722
741116 117700
332946 739462
445624 692909
838596 787916
400041 328500
705926 122700
588603 990319
238978 772154
48580 847491
692223 166407
204618 821904
60917 503658
912243 596170
456915 75797
750853 530628
392788 901699
716431 196205
131077 559776
364963 196348
191121 383934
743577 754935
897691 543625
775611 579578
475255 740461
702864 858099
201248 921754
405316 941452
816833 709666
733839 753814
830978 909434
996052 969005
272351 13755
760480 157604
93377 487866
72977 810051
441447 52046
99151 682330
939294 756681
11947 39054
168704 94891
632725 853399
87597 752623
338035 714910
287484 913866
924526 90788
107273 746394
61971 37135
591231 802410
864649 119043
776752 581018
211943 928721
159823 741143
884082 664082
505810 931492
334984 687879
590886 928182
881831 256711
740607 391975
511414 607799
191004 472481
237085 337097
394587 445880
376968 881666
887767 313513
599035 617565
727245 377811
931369 15993
246952 704047
602281 259777
879212 482257
117289 690608
244790 458186
386740 793360
54957 837986
119079 413050
722024 375123
709940 538035
768389 875013
746633 602454
536011 360540
485289 221558
299417 283469
151545 877975
73142 268279
612539 727641
644752 209898
135984 406259
136843 831879
473165 375444
207403 69488
785444 663459
573250 340468
234935 195250
609976 117968
894625 402333
924214 71176
688926 61589
878690 951727
876064 68934
63273 688474
28619 275537
145794 999937
656069 906880
555998 10051
23212 470039
225344 364567
256035 546792
861237 934271
639759 733165
687471 840752
903566 28434
394816 348146
839507 885020
666898 482013
384376 235733
596371 310865
500867 438671
721329 849851
152557 684598
687046 515980
462638 867733
110363 152362
481584 208382
897756 383297
717054 579407
945428 187495
766624 229141
864837 613748
164064 926896
849527 452018
100878 964668
529297 371160
700791 408476
621237 786411
725497 809225
16733 222422
188261 27101
515709 201867
785299 65351
567530 491174
992206 436643
124739 796176
887476 667549
272766 44539
650122 819311
840764 374386
403602 348469
321825 844138
755981 912016
146091 70475
415724 354403
689700 664384
65644 556730
624817 424064
663639 17178
40428 17708
330380 453478
247745 96977
71924 379019
509753 231478
164164 331649
674387 632036
323379 891859
685689 656867
63966 793474
405227 221583
896052 710413
894445 145240
900376 398727
318680 34464
666219 772590
720370 586192
664292 411124
189282 471655
301295 245072
786307 384453
541551 13636
466443 25650
354822 231847
1613 909088
884513 735885
766609 190909
80758 538962
543573 708509
876939 429012
694307 890647
597489 365802
461127 930500
733306 804606
258728 428800
959964 203166
285154 18164
81922 818781
200499 510120
358945 79953
410105 736845
842746 464007
412214 811830
905281 399574
349149 944716
975965 137784
398869 519801
112100 221291
162577 563641
492768 985750
225791 473619
440855 954657
799260 76339
601305 308737
74312 878453
349953 227483
370754 870785
671378 271167
723326 102251
637276 639095
157271 918016
492844 405161
46916 300896
676239 324897
653142 675717
912401 556746
35587 242526
921055 495916
447553 563121
824570 637672
316242 111945
83393 617553
654176 446528
900686 557385
39400 677677
961647 140738
761761 651210
850588 540385
741340 608665
296065 501099
889169 997010
195225 905591
733437 551091
76074 188667
559975 250347
787932 596577
472195 900505
586360 716486
371142 313953
990184 920356
105792 518344
770379 799346
413374 309965
844 71070
706348 549020
469013 114694
894476 95284
328244 351960
580950 907987
639658 467945
680875 426930
891430 895367
594462 589198
548582 966589
321800 849645
107146 748911
415614 304421
317614 25907
763815 485965
270412 114174
93373 597142
712509 733131
944706 80617
845195 153633
192465 465107
11244 437027
22774 697615
63734 53093
599084 708196
581550 539502
24453 405391
855817 841963
449774 150703
358036 944240
764577 700977
85536 403414
23252 270338
319762 763173
392172 426874
592508 410326
962456 556031
626935 105259
245266 559145
111524 960203
535476 490421
946438 491599
415037 54660
616103 158306
218058 120558
95804 357054
412249 557621
993082 319738
843790 192872
711013 817405
806742 575759
545744 739501
37614 14075
775500 855788
179570 936911
713650 627224
933772 65537
110279 854810
790759 667718
722775 772863
540089 796774
379435 962528
955886 917070
520004 106170
530158 209881
347491 313971
537103 704216
67153 546259
450751 503938
293497 327396
465489 293664
776979 316930
349972 521102
724383 802876
710911 342751
20167 616875
958594 181124
693199 59784
774222 500807
276836 174199
746964 952376
550848 102654
804593 571985
68083 620025
948113 448120
390882 619852
994773 344437
348875 341965
941501 787941
491197 687912
489236 847755
862870 681115
883026 72528
7646 859980
875005 228759
436343 239731
504912 459012
876295 178455
138594 325909
592489 641811
669105 710073
620147 99959
663334 83852
10250 187205
969645 467541
462567 995417
64781 446648
792383 745559
356526 925552
217264 199982
258968 258161
851857 339700
849667 135470
144443 155377
331651 807928
538432 330469
770755 598849
231983 148034
136662 51241
816923 830184
333996 737188
249546 796257
314353 702815
656376 699566
56635 487562
193412 298746
987189 348547
655561 209760
429365 499206
42297 733524
448577 543790
959091 858589
699482 974806
819893 143666
991495 639746
335431 613279
72146 832106
984889 481344
717739 29226
226492 60090
343486 3331
924460 827956
906750 815384
148590 197845
215945 656781
28987 873035
183031 285185
879321 559564
406298 606930
88030 578966
915298 158530
868358 222261
876718 372173
838914 168541
213594 666133
337874 616340
335224 1629
630626 504699
129527 265971
582518 655812
631552 472466
749617 656556
276390 30224
193768 190673
132813 946107
940455 185874
671432 227928
618834 999265
515720 40594
275659 119995
627127 982520
817240 980296
454647 491945
962646 670879
241611 303415
851447 263687
643283 520552
649797 958537
690114 38437
707266 191149
216682 410887
332801 635970
268477 511880
364948 678650
512799 837211
598260 288835
913011 316397
329757 674761
520293 583517
338743 622731
528817 176609
15613 772639
42123 398841
813613 789090
65776 187651
270252 27962
148507 967292
847106 466668
611244 790460
322826 365718
265963 743592
270603 960284
590906 41574
176073 582841
586436 949983
710366 214710
11110 290977
184062 326940
417248 103909
999703 561254
636631 861854
430254 914398
97754 349725
342408 108218
229777 355679
790452 657218
554444 446169
492345 624356
376639 76677
728460 958179
345097 87145
327436 16880
693806 867090
621430 95738
679941 360594
391914 471732
825657 637349
235426 550753
229674 852998
809746 382493
624688 272405
199408 445665
94787 567105
328248 692666
913536 95044
502734 921854
579325 953710
88356 149835
902663 77274
50673 537135
738832 430604
481978 851054
906984 249947
417744 134665
776731 524553
686247 30344
198158 31954
795208 266271
902151 133433
998555 290556
244696 260450
763459 713479
316606 816428
526457 648370
475111 566829
766674 438486
263143 895016
783397 693882
795580 168281
70500 894977
741810 875691
876275 205456
482617 968850
970082 727780
711220 25441
62542 690614
859303 454008
403047 982990
58177 423884
431575 798457
813647 576401
399307 235815
892113 441935
395066 369397
82171 669273
800516 321293
314415 102478
713118 381316
683653 696124
197619 783623
907527 349349
841071 946598
513326 653653
18298 837554
48843 148022
626700 561069
866103 498279
1715 472247
585164 810338
517939 141803
407814 192302
600172 119099
358906 913439
739090 535740
791073 106607
12304 595509
578226 592124
811978 968947
604803 348716
749169 590798
654314 41549
913354 144059
222322 696433
650933 227234
651528 209396
604308 62556
950131 93930
191323 761570
542245 392939
713962 169087
185551 555999
313763 174652
582438 415173
959676 964172
196509 242851
222357 414149
765960 549235
619473 811010
842088 596960
625267 405843
423595 388955
327971 51660
302934 717800
681345 149118
857812 990223
498855 644733
664795 130255
532196 361325
261057 686395
102246 440975
625712 671472
228076 603554
489682 278156
415751 431076
145573 959227
349076 863095
244592 885976
123364 868021
59656 836516
314226 302526
255941 750011
399901 13461
992987 961039
405601 172997
402632 605894
338627 324432
460180 588078
409552 204264
786278 967348
41582 507276
682699 420969
650940 565523
816716 815999
959178 813770
794925 712741
96932 694921
841028 98642
534213 518624
754789 186454
319385 248253
922613 201174
299022 114547
397017 750343
722311 511723
596334 750071
804020 300706
215215 594814
672540 183609
245678 886409
578475 718193
882286 30188
619430 608072
672876 279170
412818 954907
674671 528014
708764 444994
587544 146346
34417 663178
773611 866631
13357 147263
214531 346357
437990 208168
2015 372853
4212 604370
297709 954868
941960 847433
518774 900813
548052 501021
259195 857729
908324 215258
492713 213703
673278 649203
172417 207811
403041 728832
286344 425380
904730 349681
332929 469885
320765 897341
473938 355181
661968 977369
425561 390891
420040 232738
372901 824414
660641 865964
695391 992253
589163 542348
743093 219459
739501 196184
398396 524393
205602 960753
675762 372853
944980 521754
978264 359036
682126 911630
213672 410040
211963 592562
372131 71474
535917 402414
297932 476497
386222 666223
606904 522337
750040 348544
534353 565967
659939 19214
639494 868070
263103 791208
989439 755127
347302 365540
111997 154574
397396 318519
280581 914967
126329 298245
741961 564559
33696 610668
962047 4145
869383 682582
728184 677464
772230 599079
117308 582306
477039 846422
841226 645525
197679 913255
571382 745800
457768 914363
833852 63733
892450 113689
38348 376082
909559 804159
371578 565358
2740 882113
448077 106309
813755 412621
374933 599883
609905 76500
873801 470969
563287 959280
579051 74463
926789 159079
818257 468084
303572 305355
62547 266322
44914 419320
749322 994888
730116 530862
53964 15571
484416 486873
449796 870448
64342 736466
697345 85517
361924 860611
120767 673881
285659 495052
754027 747296
486828 702304
311762 667929
9795 676760
659614 107234
568750 944262
287152 836769
462322 141458
704668 940771
646319 948322
440808 70247
29747 781786
242622 431336
9628 172181
790719 56945
464554 555466
188723 279124
48164 928565
917733 38480
694096 297944
550050 860910
884462 154028
650977 882799
25394 444446
264938 633842
835298 996111
751916 77861
941646 140261
977712 816776
276339 511456
629676 655454
410778 554085
598301 855129
381452 144634
487457 482475
93349 980884
329156 639969
694685 826446
876463 520737
938262 944056
853567 656511
72817 416057
615600 893540
529866 825300
61861 531783
262884 41113
95268 951457
339542 679317
740643 532504
20994 417334
751051 917575
561486 163003
800555 318649
19141 814815
669335 299042
668043 694229
783843 869145
149193 648334
547794 697913
175865 791851
357931 907400
845997 667870
243053 764819
585860 101310
225142 400744
268757 150387
611839 647744
837451 665915
2860 627831
219006 509547
4262 914983
837248 944672
435063 722070
542542 814028
304 416330
375147 373176
528953 3732
76565 133685
139028 937913
96173 197407
26886 973717
617450 807954
167142 836902
522725 301046
760124 450349
540158 300306
460375 784982
442091 922772
111983 281342
65873 685451
982248 821866
490824 391914
545595 651706
169033 987841
977123 368501
515890 6411
851376 313601
391882 764926
528640 958085
876802 346423
463606 443307
810921 709508
215810 636776
778688 150843
929185 870132
440049 441244
191203 416245
35151 359876
426681 927860
664433 770593
806362 136809
119441 266884
276387 302168
632998 210401
680944 172018
330408 199238
808604 235026
522506 654856
386944 688256
801816 765670
537879 867909
196899 557296
914902 347813
45716 20274
506533 661620
24617 29833
357397 368322
714150 536282
448551 716385
741425 975895
410294 958822
841308 203469
99039 25128
971483 183361
622119 684461
670326 516192
744200 217784
400364 329022
770468 241967
221790 363209
739554 265622
187345 118847
806837 171708
373229 455608
403488 998941
496864 900358
304483 5809
244861 263304
690253 277400
905959 438193
712264 46127
407242 892965
884221 760838
317012 791405
437882 499521
19223 845070
34032 33355
736741 381239
253226 341151
84195 268510
222846 820054
529464 430156
747039 905114
440986 510966
702171 669801
179587 975397
425771 195445
867786 906336
688358 188685
761869 352236
370952 81017
367551 71075
301170 36417
609828 853028
314239 690339
730902 136632
717138 574255
442793 718645
41964 155543
398637 701674
693852 202440
471915 143909
93837 214274
135905 710026
33176 330134
437060 368262
167278 677977
839531 709847
329281 997644
679452 360896
230139 868842
90460 427536
42287 987153
65637 836233
298245 258455
621795 949994
501203 211045
822141 677375
757007 412217
485789 599563
657055 670772
921484 471558
162315 32755
576325 329828
111566 307093
808686 636567
649578 661115
161451 827409
702372 240737
871791 884013
688542 274196
179695 345160
910979 246051
732856 815779
415171 545200
869064 36513
903516 711435
906041 24185
334839 932665
854662 516228
69876 520218
542151 388950
411634 422138
821726 53930
836981 463150
227655 864548
699288 386231
349937 999342
316367 741589
740503 678499
973842 645513
354003 836698
945951 400317
62782 764038
679249 410075
146837 809339
724101 341563
544072 853282
704231 321328
954617 885378
970756 288615
517514 837572
674095 827976
805322 422755
870142 111934
544646 89310
184509 8103
926941 510035
661469 707662
298503 344790
637223 137603
138191 684151
982689 386997
589125 149667
301892 729033
717458 769637
285768 675123
861993 893852
59790 663942
353 238270
42835 825912
675691 48574
892489 947616
176123 234581
56272 746941
261593 826384
725028 705733
595861 408134
581351 198580
141819 928927
880323 244324
644621 513896
635282 923680
377454 610708
185815 888143
247843 160040
708332 476740
184047 268893
761682 688574
308588 903457
19590 86598
4659 800287
242057 52248
534857 968913
472829 97999
63819 945744
639412 230093
256834 212462
171063 177389
299385 807336
158040 343881
988507 935155
469795 747860
2906 451913
49225 263790
500505 823371
286111 971404
621669 492383
13937 705530
955628 406956
34227 739325
719013 181006
667556 253274
987951 405960
289602 996682
918716 144442
814613 926586
239260 265604
141791 607929
834921 752850
104916 554998
923684 601724
349882 172286
983768 353897
717093 580406
684967 304733
469935 715316
887583 310969
811406 481452
485022 299668
508969 819198
207457 986846
32984 927892
923666 723600
559720 413895
302212 25481
766001 37206
212864 425920
770796 832304
67435 208956
51879 896692
694803 112283
528517 236755
573082 782854
959052 348957
895431 97780
55850 704208
251892 371884
756559 739779
994765 463544
734848 834782
656181 541814
525826 790950
83495 65064
111724 938102
866103 984039
312082 956241
861361 60789
286501 436976
357279 980407
369072 337147
158216 897004
716313 514985
109711 811392
46582 15838
98099 221773
393857 130885
829523 369834
483499 809289
667559 16147
330683 913165
431825 130765
591264 522043
347274 484761
77530 479910
755585 874009
636675 485950
750666 660756
746018 19335
403664 170070
925435 848231
480768 791864
99607 309381
772043 715116
220284 955042
424949 160052
67351 373866
765910 365517
318393 306898
845318 728738
451156 566034
490956 145223
381386 705502
119968 387519
670068 81187
792906 811481
827996 320964
106014 640465
773058 320069
906931 841480
615334 531481
466337 441074
974063 966802
990860 239068
602666 515443
857239 688797
615173 114964
533090 73379
610171 129036
465322 651868
310762 993869
79773 418699
835903 100017
641106 721472
175947 837084
374810 355330
891763 953415
160819 852496
982755 357721
461615 749757
329620 356739
201330 517740
167568 889834
887341 684453
767055 465732
746633 247973
907562 743421
368356 736441
222697 243190
383836 875165
434783 812271
678587 835532
380246 382902
755701 223286
792876 920668
180382 905832
760725 109966
954366 416590
732921 238885
540145 883492
759132 658053
406011 304554
144511 726683
385020 451141
637040 634254
696020 803603
153276 546489
527098 443802
42736 476735
575855 52861
889476 254890
327560 572966
635680 59106
542876 217093
654755 106022
804484 751394
832855 580240
525102 115439
521076 1150
289223 800327
864780 194266
407849 697807
429833 308209
156064 892842
209506 968544
359830 560402
926060 357612
972875 154639
550196 424343
599921 779243
953910 883508
231950 982076
790075 608935
968119 427147
258823 328744
910624 983250
559014 923886
240434 764074
326044 633005
147431 13241
234169 848079
246985 263002
805675 875438
369659 127788
532396 874820
630784 392552
622258 130327
37570 790878
178774 914944
581608 628201
998853 718497
292795 971627
836659 335591
989189 114444
243787 496606
230625 379351
514942 614450
363323 683841
156379 98745
653916 517380
542676 193485
715066 20709
392437 72473
952791 93359
25339 432305
434574 825417
272417 834237
709322 997682
293117 26042
340804 630785
997059 942420
391683 893615
473932 379440
456054 660909
500272 891325
885988 825311
255074 895503
90953 158665
920201 774246
812752 228588
166390 856226
314812 660550
372603 888234
338251 801356
618819 972845
726946 749086
423903 385363
504803 410431
358837 724316
877464 954883
399359 698325
89268 716210
267562 234091
125303 368569
797086 656269
824794 674512
75972 620238
668147 175357
757331 602627
450797 39626
25518 118087
48467 855519
488451 576682
146061 592375
254637 721307
406690 500246
904532 28678
839260 957457
763768 955701
581962 445770
354084 119421
760301 368941
950797 897007
594954 510963
979996 662032
262925 213472
940379 812525
161144 103057
399013 301409
364452 604058
81179 599017
523467 292890
306273 150302
267186 561025
192057 569488
66046 263174
434397 493604
586477 759843
569329 800644
827612 723658
277218 123099
41989 569926
121899 831793
449165 906681
262889 540369
840588 443805
807984 172027
86384 959846
811189 24765
880660 749330
451798 41463
402284 565775
448375 61773
717230 587724
781889 10472
727703 695918
240273 874400
300886 360507
898395 731838
442202 87551
234150 159873
395171 175670
208918 110771
438606 72347
331371 689122
494695 212839
609891 7619
829425 506846
839399 284730
52242 287651
381367 110269
70767 326036
260945 869950
783944 224702
620956 900461
228687 917596
714916 123336
658963 138182
14989 694114
444194 257171
731427 389122
254267 953812
232184 599648
843343 189074
312723 233569
273596 611141
212099 326993
635337 534661
107748 608091
110511 53808
360904 450362
792489 411375
561673 24305
482787 851908
908542 242865
302663 256760
161844 943883
101419 759047
299913 746748
727997 604360
847903 853433
266359 94728
501546 520458
38925 376789
549029 216851
980900 361554
145162 649410
708453 786559
952241 301191
364794 697816
634642 495942
592548 139592
203703 741318
550014 853138
983308 864802
913783 584928
186498 491033
51568 119204
54850 604897
527496 863342
406843 27890
199374 639052
903519 365270
997452 135699
231031 492173
519208 744101
276649 783676
850278 794390
727810 726195
208015 347838
652991 123949
7204 617323
485979 527429
699781 849477
910618 644398
273790 926931
110955 490751
288377 596885
387020 378030
421377 635761
22464 683217
671184 53628
673313 49395
399962 636807
381204 234975
180898 693899
476866 55887
992869 352933
496230 990162
110008 863033
722962 215762
684913 934496
410487 653867
707136 632419
124075 635294
738252 743488
691373 908934
798130 681994
155853 293349
418501 653451
312928 437745
774676 50159
779587 85056
830649 127222
569690 28210
667587 906342
411183 16069
173996 296372
787201 373672
348570 908548
792594 391156
341870 693927
153721 193951
912760 629112
231981 525829
236079 101145
802517 155780
303102 319777
157401 179953
708176 510684
262469 906513
158350 447563
952896 396069
480297 182585
110034 227932
49041 450429
114204 756186
162076 33020
500565 180172
447240 703513
282957 278882
424068 959644
324736 642719
354009 306781
261141 813331
309310 7452
147259 375240
305706 696672
171925 328659
831557 536447
751035 210283
449160 596358
628128 4164
168220 243164
291203 703559
509626 188628
607273 59156
163718 375408
373756 394677
77736 921252
351076 345274
473185 268611
783438 402599
299832 697719
724843 99602
465909 831240
509160 809231
417388 347189
354211 194949
751208 388565
549414 397874
968452 577059
647364 95828
534583 512745
29834 848132
423695 681441
220561 302340
507600 977124
566137 892238
55572 856712
648218 499888
114246 508085
469541 528472
842036 660872
764775 602082
864821 544347
521351 40206
667001 561119
854874 65219
994702 635493
520716 242363
376861 874056
676814 805447
639312 287825
288249 365276
201292 502911
16223 396834
559256 220080
708715 379051
394879 907791
307367 752584
846806 568107
496918 822222
637329 728441
801660 852064
608812 636957
496097 418508
961768 390257
694706 255848
145229 934647
351955 357256
163935 506230
171616 479382
55853 21327
953008 87785
368940 676858
267194 469075
716268 153709
493298 640339
590351 128521
508832 148180
720436 315060
429889 218214
898475 537664
584928 464672
625713 4095
759834 516049
549355 821273
616021 815654
495623 58737
22710 722133
134863 192787
185943 54416
681003 418660
430765 828102
341940 154906
252227 976071
593119 199699
806529 195667
855185 969630
760639 986484
89894 876885
884442 160250
497881 18590
70705 849304
748784 251671
222817 277364
770469 752292
871878 124517
599264 453409
641527 464283
63904 944670
502851 303032
812311 701273
398157 464395
25959 535778
773943 379068
602220 272306
719591 860728
470868 2883
524351 367404
118240 522100
777138 53588
8548 343919
284783 744427
472262 194782
829577 166064
861289 489269
84631 934339
482725 589529
611550 581258
35851 774906
267084 908360
888477 110216
570194 733070
489361 420181
360041 739212
38295 213709
795532 454781
454636 890168
241385 231812
672154 278791
853476 963302
347215 746811
744227 88586
747740 787307
805744 915309
134114 745888
95296 659959
657199 591012
540209 62672
403410 698937
106271 921845
537733 577295
652859 127795
34901 210857
974179 496826
361065 57291
362341 774904
674196 147820
820344 500258
869400 611173
188169 599112
378099 586149
59542 571327
258223 350195
593331 88696
2455 715316
55752 955235
840532 66125
711895 890078
187404 699830
140632 439451
601286 639628
645333 367605
717611 354424
950926 964350
293442 190728
250164 533926
732377 810036
208369 572930
755166 820210
298142 342808
902636 633405
311859 274840
584607 644960
180757 95091
995594 447689
220259 260967
82758 110770
273296 838681
392267 728255
101458 95899
814425 296723
81359 509409
390828 551642
845278 134802
879812 365204
337249 722940
212306 79321
136539 609334
533509 596407
112751 49625
284582 719806
477248 907836
469182 54891
779210 16792
400810 410294
169989 586210
139492 856412
477869 460922
351425 768555
595652 600998
634633 165545
311009 90578
997710 2210
169399 303368
610920 176086
111506 100086
585541 960681
652446 163684
912884 193473
255582 291356
140069 829264
505911 179529
543637 735477
508927 102908
433118 192566
750955 93531
80244 793472
233461 115421
324020 866102
581844 980426
737700 735002
478286 744866
808298 154732
538651 98490
243471 994970
414866 305317
329783 739087
523080 782123
518894 964907
641924 36465
524823 50135
502826 930114
982351 307236
966292 348493
775527 824109
351128 880143
577895 526369
583926 32845
71599 137971
557802 620703
55166 235332
145013 823167
65466 620886
705419 638495
956815 489777
313964 633647
539701 634020
398111 739621
501174 890287
490447 54326
59947 20824
160973 505526
332525 989239
583624 525294
735794 875079
736718 320326
818352 444933
583536 108907
887981 913533
556607 53869
340307 402711
432836 328674
110082 259564
68264 206575
100202 763112
369804 772210
536993 298312
535173 974529
251461 321411
208786 971226
533736 410008
453082 876120
457151 282359
170390 768542
626884 899705
665060 550262
381491 442139
235545 635019
454700 610042
440657 401432
49575 208030
281858 715749
825932 601123
673943 349268
283657 347506
549154 966363
585821 646790
534871 875370
762898 551125
527296 91741
384158 823632
683860 91352
374920 605278
746424 216004
737644 684119
146491 63290
200969 413887
184229 859685
667229 665688
459500 768622
271308 295234
465667 617896
914712 660845
511068 223552
554299 446279
385421 444757
54988 810254
331626 621928
265684 202676
752333 704207
629655 924892
274622 13144
478830 650833
664746 502720
233199 901412
403823 572395
114476 695851
358721 976107
73423 486399
171026 496069
135 493187
485268 673086
640400 945992
317781 107642
213422 446506
933487 740699
323137 687683
561875 671156
188405 883925
833850 977398
503857 885092
981520 96238
2829 678272
316089 675040
249098 614495
259338 417469
521391 557646
39856 679973
157973 855679
482120 870833
773981 304656
377782 109577
231844 69851
557222 387719
151886 784021
580610 379037
627856 390617
794532 742794
806045 287836
256061 285959
912828 147376
44495 788551
310846 741365
927164 538577
771757 428988
239783 709937
21782 724284
165295 725296
903875 341506
304540 719939
139901 370888
782805 752922
443174 730030
872006 202449
400594 290263
383141 968130
472174 643739
438029 164222
101405 988682
206764 873716
94377 193282
756049 429394
631229 583554
440244 147517
715518 740881
178078 869720
506453 31333
766213 202471
349825 196779
14628 422779
213366 817947
343971 757952
653610 559977
282108 996386
185017 393170
677219 273909
30498 415312
736587 139551
592582 605302
174670 211313
599776 787273
19601 974971
272892 289577
42917 706392
687870 68963
343238 326696
867589 236476
131211 77232
707871 429341
91634 861506
320352 458132
396650 812622
672088 333912
245355 900670
826871 181131
184446 660641
807981 247672
823267 294746
102361 348006
218723 287952
529919 587879
483710 925437
73481 621640
532534 668770
315253 487807
852336 949115
246491 679735
79871 625058
217629 713682
552606 710152
531189 825300
384887 730845
63114 160362
247330 604734
942495 484271
34303 360761
573426 332528
930950 747583
652725 212800
714193 797167
622207 872051
400134 128477
781967 430051
972320 393511
864387 344913
227621 667299
580930 274944
262439 778808
78598 231545
487243 454587
296478 443690
472367 112647
586420 25317
891691 285569
988624 309643
361072 163114
780033 581489
709984 960250
388182 768131
172378 723112
528791 407368
408970 729545
840689 512703
266346 358544
856639 512673
266080 336199
460024 139205
628562 757043
126014 638179
39514 708226
988382 998567
18543 890828
208624 593245
503121 487317
204188 775064
968970 709808
373230 39088
292709 612272
185024 299248
631115 916289
615370 121440
616822 506413
958906 919590
372785 287489
350868 162450
425392 269463
13551 23615
106473 279719
31722 26393
168170 374166
564368 809853
753492 522435
724028 31100
489196 892205
670466 687296
7410 472381
378062 66205
514050 279777
672332 932746
816208 548402
326328 437241
135597 715126
720476 269981
356829 950238
655682 148316
380973 30205
901291 506266
613232 637095
770354 450121
680834 356026
954370 156181
269483 996544
339940 155565
726656 594870
186474 203775
541304 759841
488965 999339
827164 672779
427131 749542
871463 489144
491822 146263
423104 867039
189135 340788
454235 623507
276168 841526
697264 567064
870919 844610
44327 915238
750043 304413
152675 670099
953748 321906
296269 524394
995103 527215
493536 31563
923020 95782
119839 102542
743917 449561
749656 901508
621342 251461
665475 354910
41324 761984
401121 704089
57364 489103
856040 826343
167476 303213
164508 889386
910178 676709
280458 707065
265267 955831
201688 817504
510179 185634
789054 728886
461424 709887
595795 808565
906277 750551
233845 981741
377822 186817
473195 176193
214331 116464
695145 505265
110951 768010
57275 14578
851973 613988
850228 804232
835818 218681
42970 635073
580365 323240
808715 118709
152677 982403
784585 755437
94913 382504
691361 560634
532575 572463
517740 735906
5523 695861
887964 404310
517100 438079
304812 971763
74660 447422
410876 879787
887999 381856
647607 649238
394619 522006
339373 796694
36599 397378
282914 280423
506297 279238
480738 559618
47926 166050
119541 103640
305257 436369
65234 485751
537044 703451
418495 530164
943085 443862
435174 991916
285384 959169
287653 205786
753950 391051
249654 33081
525483 959700
952276 592497
133169 702192
509838 495798
158159 68571
102537 68458
547957 834126
273362 577335
971592 427551
286446 950397
707612 752392
807606 770426
187334 187950
981911 69584
747518 362620
33461 26476
682126 347793
524507 200195
217431 548319
974107 152051
679841 494433
232864 405962
794880 631742
407793 869523
315626 254636
969227 954994
78178 337721
362357 769204
468829 292003
137142 383298
558103 914
716091 380441
59181 828075
923369 143588
595121 864188
253218 259440
206041 830328
800394 415554
