1000
159418 332024
3566 251440
606500 786994
668378 911835
967422 960016
67852 801293
873527 805806
854922 327823
631401 428755
525544 326491
19408 886317
303843 417548
890726 665676
409029 581719
501525 436026
384986 913606
29019 911311
118799 403303
237067 175328
115934 201735
601371 226401
879248 548255
873635 667346
217463 139064
794713 129554
860507 483782
973085 491081
164792 519406
382692 461406
131197 570052
921573 306097
187474 313084
668657 43700
445512 364518
933053 287752
515172 578241
3633 263883
852107 444771
65081 473323
240266 440608
747664 822953
768150 965377
490391 780545
768117 915485
197120 578392
872688 410160
877949 560250
588967 293842
350706 25322
733305 648207
135023 948583
219914 38826
123925 555691
973845 811554
43823 47595
713620 76997
301271 520412
155939 965690
945456 461206
292277 403453
890172 780018
492652 92705
262870 333772
549695 38223
604588 138009
931449 20787
198459 966922
356519 667064
212623 892845
840126 469162
293091 343310
637398 457843
410513 781212
147800 459907
881782 694759
671528 830465
126656 44144
332620 410617
957505 918218
651170 101085
95298 572746
357051 689516
634333 305727
470129 688447
510994 716191
574257 221759
136931 726493
257810 690110
798076 582231
790471 574888
925278 537121
529131 484763
605826 744247
767850 322975
668792 286776
752071 9814
346995 208501
583603 817388
594256 887703
355857 122303
389033 376247
17376 308727
107471 234362
83749 397618
274665 884058
180584 470751
243664 445718
371411 883315
699692 371196
134518 200042
986422 596726
313278 338953
60754 297364
869334 599062
115373 23916
264145 210620
697940 459555
744268 746617
883109 374107
399275 185958
429633 654190
737417 328735
626442 75970
284151 424846
508169 47009
364698 917641
708065 510603
363301 553676
4006 349207
472817 427460
992794 447631
723185 191164
183352 322341
124783 143057
273864 581000
943613 123340
301995 281891
915672 677421
669981 496245
787810 564259
943081 470400
583063 11738
529942 897561
341108 159293
121103 213670
256243 366629
400465 988419
936476 913454
62147 249492
774803 780118
237788 414003
545282 788335
944303 536438
294093 870341
180565 286613
886780 126521
670530 154471
527247 714809
648885 218699
316990 581321
556279 350032
405842 176623
245825 460923
238422 314320
937219 376978
443132 289535
291755 811786
465144 650044
337208 732910
974801 379179
355465 301522
642181 531491
338093 889019
173249 5759
939998 987578
889280 361926
728490 483789
895196 169551
210599 383712
794567 935992
387966 941368
509524 283252
821958 44749
539333 135539
747181 102710
678866 668495
1408 247821
834955 682149
870998 399940
773125 478038
622711 533446
92379 277309
678821 135240
403485 974634
229999 802462
151662 20457
14880 378887
369082 397386
143003 86802
589716 91509
370969 128093
182798 245258
253538 76676
490675 613376
839386 995707
517689 144614
179045 725878
256798 308353
651336 183354
76821 760238
414824 230456
224558 71339
592443 36130
591761 91281
524003 108548
893539 244584
228278 253462
351420 873302
950760 738468
67531 602495
49527 644348
825463 927158
292747 492498
715334 363890
801345 35340
30760 816910
68132 288079
331777 669291
145323 28039
597239 697936
832675 607723
778688 884894
196676 703850
569780 919221
532272 585874
756867 275666
66147 488022
984474 97546
575750 1871
327698 391860
991251 126104
499537 524240
354007 603403
636937 179405
3902 484025
906475 983645
4682 68846
784717 71304
232838 854165
962321 571888
482231 889026
812579 2623
611684 234142
348640 499836
622531 432740
631694 333477
6734 196264
715842 837538
469302 594429
292980 107823
664749 991289
547026 613808
445321 500623
991190 229508
764109 849665
783383 55842
119866 663322
69539 11895
280028 728977
108301 224433
89895 774307
453282 915339
514807 661681
445730 116957
512563 828109
302926 9248
616086 461824
495069 680286
661678 151122
140866 480464
346913 708816
44651 744986
967983 693033
344174 997077
156447 114487
912643 717561
211605 580340
437448 397469
858200 163419
184371 113200
436204 882846
905094 302780
606202 426465
606618 303255
413145 952363
807480 464527
436736 440066
723517 939221
637213 315305
274606 413666
411002 394511
382202 705704
208819 767309
704299 533874
407905 284497
858965 105068
645127 799755
991025 615169
6101 38200
667193 849773
579182 168143
638620 361834
931425 138742
579990 36842
528127 605345
670953 774677
680240 148733
476533 214671
283369 441487
625321 178833
13562 323598
839533 680924
306431 200100
510661 813803
441332 892852
738301 205345
756328 557173
571979 198590
530157 358809
723595 16611
178506 825274
470476 808
448340 901943
959060 498654
312740 880373
512451 265774
502803 733977
821302 338184
512525 827602
55882 860347
257531 486724
76909 416054
49531 515057
167135 998664
387204 444616
243553 420513
717694 215439
675748 491855
72949 377218
729517 664700
220083 69493
61847 316237
994919 212355
129871 227264
403189 624347
736981 523267
72071 671779
59738 269733
250330 620286
303559 849901
418109 557579
394646 371789
825235 664511
171077 724319
344544 491875
917170 554716
800398 456
851776 980370
498275 344147
167260 727245
523964 770221
925344 314838
154402 574079
138736 604334
327342 298341
548481 427144
171666 657769
806324 702244
207802 520121
391436 853660
916964 946900
586663 174861
682037 692311
992266 907612
210815 12682
735706 152699
929833 101760
174957 365878
172906 970944
647976 272839
1590 409954
816799 756797
748091 394262
459900 108310
961851 801230
633201 657011
41976 291993
643436 794564
25614 720855
151809 13286
511579 575982
647182 587180
582014 844302
49950 59252
552270 274004
549083 378657
187559 131231
247228 891317
888352 560357
87891 130678
67251 849317
82731 837604
818511 987854
943474 404996
471055 188856
109079 553391
373382 276642
149128 811042
3884 556705
951243 816400
588578 611511
258127 693593
82647 881925
222492 525274
734025 109605
332873 10929
841077 363717
428388 734657
357969 458529
867493 138281
764955 653514
315034 616629
817095 587878
872619 366274
286114 1115
946893 763701
116632 445536
111502 521480
360577 213841
372152 208643
850103 348877
840327 588078
477231 545920
388997 494750
203362 335606
925309 903236
927132 841725
692569 962630
6625 598091
296527 506605
467865 338119
937298 851375
283770 628565
696298 924689
138093 815676
52306 376019
421208 566669
156389 830299
943383 679004
761607 371011
655608 538351
626055 98260
436919 420993
993674 117185
725151 630074
101586 626540
479283 229263
807955 366243
431637 273796
766400 66033
235758 426270
823389 852458
552535 34770
243014 650991
568996 437774
953927 866508
169604 491732
168429 346689
819029 772963
941069 940077
466236 795156
617586 386075
484187 806643
298256 103357
863043 270108
737720 646231
225288 636481
295959 633914
902380 810144
63753 523733
497700 690450
824156 933716
938521 528611
905141 723415
373713 184392
836744 273096
110778 548180
933579 767678
244761 65048
284704 721182
151351 2899
973359 689110
696095 614229
903852 151268
984669 542764
510415 848302
652860 109884
955534 953788
279333 936113
678798 376834
558904 257386
549357 585369
331161 531884
66258 921113
845631 46
599585 853703
49598 473570
508694 390981
37306 714758
867541 219023
873370 630585
759448 461560
276465 923990
792452 79064
621882 612118
227894 363106
559032 537330
147197 210649
647457 994018
160122 724241
823367 834434
693315 412739
114380 54225
686055 257512
922649 328627
614024 461336
661734 696145
36256 611837
637325 462936
306853 217369
93546 33656
948673 710112
695329 280480
776441 712586
774395 537583
174592 922767
934702 607570
398891 906772
947935 264742
566400 165056
77027 137337
602829 725989
87071 742628
24702 417247
619097 441056
740103 784396
997209 117100
1135 630356
958162 170375
859998 123358
190690 67576
198453 632663
766680 119857
133631 840386
18534 14754
601902 82998
470176 453329
322798 245421
502268 903737
644596 938735
680845 514003
6605 8002
435161 809091
575103 108282
176766 986380
142629 17638
268737 132336
201367 783227
514632 30141
887635 513411
436503 552935
909488 282334
259945 366748
405661 343969
666670 523239
629236 357013
659633 615927
447782 76768
267545 348183
485037 455047
683738 999673
621122 336076
533042 17884
290125 316309
892310 798124
724094 544475
933719 628715
811785 157548
543656 85070
503794 405886
986257 479730
381705 664004
522534 267458
269386 211520
616401 529983
666808 715143
389808 143062
969108 329924
427289 861320
421073 213022
907161 35804
973835 990550
757597 981344
963649 17706
602331 622645
655356 131703
738721 185915
710957 339894
776746 199358
284457 473104
954096 281500
844752 567880
27241 381573
144214 981125
250016 650937
457293 103735
666444 350236
960996 992231
204224 680256
459741 694103
839872 281839
357179 411699
541222 84075
609664 123203
55128 589398
979498 776138
886509 866282
743211 815426
702872 355171
624182 149815
937799 813961
615218 57001
142562 793360
71925 970152
662482 579466
728176 536739
722678 219537
438484 446546
319025 615917
694871 968391
16998 234456
881009 427526
30243 623128
184415 214987
101061 13117
214134 299692
255280 245947
846909 226846
639975 282880
668659 459936
312609 395705
638882 578462
811754 938305
161457 872469
208457 792211
732105 956303
99142 715494
392048 669487
970819 483432
423039 148041
244863 480138
296391 947285
529723 693872
642700 863302
172166 935452
637508 48889
966678 834059
950938 852157
347395 651467
918097 793741
797070 836370
511904 594794
943042 800269
774802 292102
879501 799786
786184 119597
793681 244336
872437 942405
10085 48773
665257 748082
360476 422666
547825 714551
694450 227825
47528 616048
859778 835486
684476 599618
771376 901008
419117 141716
47426 331623
27196 127639
338135 687286
559985 414841
465105 104197
273780 582311
395024 808841
764265 131201
190270 744717
54688 486693
432427 685504
312879 555879
908478 570344
800961 930290
218512 895352
446757 696753
548673 427285
190915 532720
709190 440831
621281 653829
918731 836809
716001 570810
442253 566227
971593 421452
302131 879468
816578 321688
613598 304173
497788 122022
600790 315251
292021 920421
11643 83069
447105 171448
958209 735735
326234 509108
910348 414900
480937 97819
294623 591501
310037 830259
372809 779893
732607 982589
284900 999843
982727 704907
891882 597243
323534 381587
187861 602187
193944 830395
814163 924377
775104 978231
985978 764320
814477 419013
527794 280985
610399 491233
494878 968582
1075 931517
791710 685981
661648 736714
157050 30070
481090 97986
429515 906766
482140 88183
962690 977873
886647 87704
747723 509536
746080 646953
493926 403042
71494 402916
314202 431787
156782 445900
664684 394598
67771 360453
246225 962481
878782 112201
709963 672615
929289 590534
343175 503051
983349 5132
219318 909626
588660 436956
152857 337202
648656 928792
435470 633720
918006 28139
893126 282245
499714 897815
375506 977260
625286 76302
224806 231047
987148 137266
16774 724075
664510 404192
574418 154592
625852 697728
550877 699439
884642 848977
99987 53329
305183 877958
30184 98077
926543 966721
731109 429193
571104 286337
218838 120916
540686 324199
563721 701510
49815 613138
797463 831216
852881 368450
570483 360371
629174 282251
710269 945512
901338 856825
649450 998663
198875 679322
302522 588910
649155 834766
188987 718082
667760 583388
454110 270278
892716 436834
791924 264848
49301 877755
577763 475666
622039 405564
25883 537904
843948 307180
284506 958604
882785 944032
138273 891775
149989 218691
831411 466874
553140 973294
547994 868924
417635 757528
134297 135570
384189 522055
555637 365850
577444 234241
371220 123656
701323 408296
318998 201496
17259 549056
943271 318135
381550 567817
449168 216849
907121 712288
496301 6029
298139 443439
226023 607878
948640 616765
272703 414719
981472 874056
968623 607794
682643 488685
491549 373521
94633 557472
442919 962036
212676 934585
802181 325875
365762 723126
192681 884865
274747 905197
413103 66451
965828 207628
991125 571393
800135 542196
683446 669631
655315 420127
187158 809393
275780 608254
927707 868816
158551 890298
582415 406431
62247 158779
839825 75979
757264 287426
251472 158350
716625 181551
348257 48903
654759 166263
275681 620106
190987 637213
975184 303342
302729 387135
27709 709895
899429 554403
449076 876243
859157 900063
792116 48118
896578 290244
258554 723131
58950 162921
7615 932107
280131 796922
446233 715626
636681 95363
259410 534294
477135 146948
211770 276575
655686 891650
870649 171414
221157 958042
249977 783263
936113 872343
521905 567333
941815 785317
325642 481881
52212 442482
92634 778156
770164 786238
225298 885678
552552 690913
885341 477932
677848 195961
540463 623077
182385 594673
190572 169221
279201 167404
30265 736272
424576 86564
846405 404858
917289 65766
394170 949777
92114 436836
77388 726551
369155 779837
341341 819847
554835 170199
998039 852884
262568 928970
467128 887509
845967 761550
77811 858435
685066 907982
117888 815090
379785 52436
361909 573997
681918 516260
253877 299316
281252 658416
385084 383659
721825 803430
601676 74871
130140 122345
959957 766224
925841 931887
59691 633765
475379 777680
824184 133361
946003 945298
657099 903000
853990 847740
758685 625127
252116 509757
567709 529656
691800 18702
299882 166466
233602 996744
192673 903153
322240 14233
212140 814264
620035 178752
429421 780455
75112 360821
479230 313957
188588 787340
634774 397471
129335 699673
859203 357241
449083 872051
384789 399348
129188 605102
884341 181284
572287 269269
292327 840270
992932 692162
449831 339243
187620 120214
779265 734905
366814 380039
887479 940465
255410 718229
996795 805462
10181 85923
712339 526844
74363 987779
542190 897743
650099 776368
980477 163551
552927 680424
240081 836812
957830 866044
556928 739091
157792 326695
545602 140990
928017 609713
548251 496129
808901 846956
247545 946200
891837 300709
261730 270971
828819 428506
215445 755055
907227 625408
