5000
273656 452099
883210 879954
261617 878270
767423 443532
50884 97732
594031 824427
413458 770150
343699 92192
583892 466919
941421 32415
40840 415006
33443 277224
246756 866981
869313 816988
170252 414399
975030 568983
269883 233677
442265 110769
154582 328193
571227 966319
398379 71535
562431 828979
290974 406261
338722 148687
625367 953158
200195 681739
995517 782187
553840 22967
498955 868697
880966 816808
448937 361280
826512 426193
154944 531389
582317 757115
684501 839032
789300 393027
413367 3742
707512 497212
744847 768429
77131 442276
420794 510185
272214 179386
574683 76679
785973 521405
654597 212247
34093 260463
317648 351124
524657 85924
607923 594385
500975 967509
842908 140695
166035 234790
592419 545447
278724 419800
547446 539148
960621 722524
387984 234530
811482 192230
879001 346431
870478 515066
12900 755614
623184 882771
527713 785955
953319 861533
389381 752359
905107 335142
902217 521100
589201 576668
159269 287737
815023 258230
144071 297674
649010 996894
72396 477172
69686 751421
645329 274520
360409 412175
863427 609381
844620 314239
13946 156598
816609 343246
227101 392349
379766 265283
112300 509088
690241 934081
70208 746238
858006 734830
102756 262569
964186 656024
320162 747330
787904 982956
836659 722773
254035 622852
806036 360597
606763 58414
688593 213004
564588 481435
347908 802914
981159 918409
897199 308997
982910 575204
598654 710807
901430 605038
794405 857256
233767 859193
876637 442776
834197 330770
544219 485857
300518 796971
716085 668134
310215 133802
653619 4575
789141 90852
40347 512969
981157 311890
116961 286181
294868 426585
287282 755627
313302 944676
90388 364695
17594 626527
373186 473822
935251 894345
273626 686276
172308 263972
908068 616030
686433 483597
320815 828956
719725 682200
547685 687622
74060 196819
478255 659003
151756 435208
656823 597137
901221 909944
515604 829542
93355 21235
66782 733423
375676 683853
500964 232751
581409 305080
793415 981303
828962 853498
905151 96334
550565 934160
849163 833408
724656 755595
558727 855984
520632 165896
256066 643030
67746 543201
884108 724357
178624 152949
701626 181749
703805 193640
938126 730289
676384 609138
390784 841323
315215 809829
277632 686956
200279 47173
611897 891254
690108 376899
92344 470043
702621 655832
452449 439020
343666 978422
687444 147232
817183 685876
1440 35799
573576 491527
498266 385880
26880 160757
756489 7105
770359 504655
943265 263361
822688 41193
945071 55067
229500 486851
195862 124531
928759 439870
95924 575553
422643 450004
24133 762538
219209 585778
95826 978234
251466 436386
743718 279271
953506 423341
362857 144150
478239 591346
487388 979779
287767 824847
730842 736686
280195 465248
592512 854141
21949 904736
819538 313119
862412 216851
833623 791983
178596 264513
860947 965638
931957 380227
833252 450681
276440 494689
688262 520359
371011 156378
152543 726573
741416 561863
945532 782055
575854 400444
206430 663933
359175 855566
729994 393187
940568 33598
509891 738750
586641 541505
778387 758470
265010 552890
157421 330898
959161 778472
733686 545179
717714 489002
457299 99683
110940 349853
93491 909787
339054 894463
22605 473135
650235 712984
88302 944315
876051 463659
565963 217763
664559 121283
998684 749411
185470 580354
100581 684995
224809 368584
953070 315477
787474 469958
981606 370850
22156 729053
511082 448300
886304 360066
829715 475204
559484 640467
772161 771207
578993 120839
529813 8590
53018 936957
181031 503698
966987 773444
596183 425933
853142 965367
988460 626429
477483 16686
474830 960152
224214 879569
21097 879993
310863 24606
750899 456942
317040 742805
776670 738677
462978 349504
3744 125437
738829 885090
120202 218029
579946 339176
695496 801256
452156 969640
422269 390886
933751 779369
568421 887246
405588 340922
99882 513903
361414 857591
303516 884484
26098 747427
88839 144387
973249 250513
115557 399939
756315 469033
104672 817450
910402 820409
220926 20092
446113 592176
687877 152614
351838 13574
521890 69131
416326 406258
985717 416303
834952 671793
741646 790463
118437 291305
800776 913719
363021 772329
830236 165979
110201 438818
122690 21148
259977 245594
404317 442952
386384 263018
766506 711824
931738 408651
843575 480750
825949 773437
89511 518510
434767 445196
303938 585306
485352 188369
544510 704628
516725 27969
887251 714934
892100 641433
476073 336381
145160 44432
393094 343672
421875 339100
494291 410544
731713 918642
223811 975403
73740 766863
624049 680217
319550 135741
277131 194457
625302 822233
499729 881981
281950 48025
32021 945024
2078 354619
566073 227657
756192 344541
772765 735564
685699 857166
731319 176931
934106 101391
746260 726816
561847 90024
479014 440372
629359 261973
592527 579498
450805 561841
597155 174060
556428 671550
907573 78026
930324 647587
323899 950753
252236 665772
78960 313130
834335 470958
794943 740522
469618 157547
344617 943679
115956 69340
423194 445316
109321 288419
287672 890239
458728 969856
153219 868116
78312 835706
503642 124914
495953 121886
987926 721254
949133 411781
837330 702837
378181 45916
906372 303261
320709 991775
319920 484773
369731 29206
845311 671801
725773 763598
406588 761352
773518 794836
512840 698379
87033 684213
430090 372121
124534 16116
486423 318269
822464 133938
183329 740041
341277 777982
767910 596921
771958 370839
771800 132873
562846 172023
549787 843920
200395 124978
528255 62945
916478 598199
27778 702353
502865 55915
223850 404261
775449 610331
174577 849301
82127 643846
81276 221330
935330 699960
581856 452875
525618 269772
99387 307211
703805 768785
366176 505010
226737 801321
554311 692548
783561 98189
423457 38001
828507 763142
144496 317013
863579 646176
384745 229654
626278 694228
110806 270986
807933 384334
777794 45821
226890 215790
73535 45754
588914 17235
188722 120831
384507 818266
923662 182427
291607 405609
49042 360808
423506 247843
136333 58138
515921 169666
671644 850198
240381 538935
174265 472376
262355 144403
587435 649694
476858 398844
883066 503406
159423 749244
767374 125813
496120 366915
202652 425929
115644 255284
534221 741369
884523 11866
87542 569092
216361 602196
331718 368904
328092 796326
513420 960503
10059 829872
607768 502247
810214 213965
985676 55371
758111 129103
45171 991548
899260 485514
130816 116274
86328 833990
102365 386911
818260 783303
37881 308538
509900 774644
869134 178872
348 611061
2940 191616
473309 874347
859377 220419
999485 544079
565476 953689
650615 597858
866507 575196
23062 712166
842555 201928
988063 690419
790156 548413
993751 454770
28225 831060
815350 892948
785227 364386
564037 721853
329482 220848
955115 790
232648 33099
867807 680447
479781 223168
553154 891579
859980 889968
245881 495130
200275 236280
833939 594554
877788 759303
999962 280364
246041 686529
125296 142563
244864 986274
634598 596561
97391 281564
65125 538146
913629 435985
281435 382265
196345 738318
311839 307560
751753 377208
318086 783243
215059 579230
618256 915438
269777 536915
58685 122933
693632 690007
212278 834599
301540 434897
211218 760863
297783 62893
881141 750085
578940 705430
551903 712692
603017 151881
647570 66151
412988 291608
926249 150076
558257 625887
156044 632757
979345 67309
998622 900699
115978 793621
202827 140816
81189 105953
464056 215776
521097 958324
481456 510327
258552 258057
448259 183427
757227 568417
101237 469313
670638 295892
325500 125568
266297 630989
343904 786750
301898 104754
134381 490826
364235 730389
805295 663536
779142 174741
250087 214851
435677 460071
275311 544508
683601 470062
601171 490774
267430 834207
662272 503909
46357 751473
563250 874817
907422 437171
935880 456734
528935 516733
725200 557692
337699 800011
493992 793043
672140 540250
142787 274316
846075 171272
851740 653016
11706 951339
168077 958784
271405 183689
306271 391127
26357 445832
367471 167439
161966 14515
516554 226839
928921 836241
43625 231293
876770 479888
765730 789784
840540 1487
910475 489554
382177 704649
148242 708587
262938 324538
98706 861355
18532 674953
279001 563952
617468 325674
381892 687428
50263 96283
792715 493812
635529 887205
88822 187166
755420 72101
71101 279821
214044 661466
288602 270081
530503 966984
725832 897334
124818 560737
672571 472820
627268 955986
253103 961668
596154 720800
342237 553079
541762 530107
43906 910030
607588 543534
264774 554251
155373 251212
408010 330379
784518 975217
848597 872890
929430 501628
551194 292462
194775 162767
279340 271008
936793 468291
400617 120673
728822 282058
707820 949507
739212 929616
751356 250261
857754 641485
409710 636388
918934 556438
941671 908737
837593 66458
890175 826590
711245 177282
986936 482632
323591 260648
864764 465961
731281 202581
648490 997311
561286 584507
715732 593678
20058 34604
205268 918717
357296 480244
836013 850070
299278 585490
430270 673353
770108 19662
527034 520635
582713 717975
613896 542688
276605 938434
616148 747068
33290 29322
767106 715475
169681 951342
76877 169300
298627 929186
504257 589622
761144 287059
167769 17492
544267 972313
417420 342527
243805 85521
705188 252082
72604 991371
340263 507563
486281 286307
107444 850038
60846 76993
312669 469229
641769 222807
269591 13137
485400 194560
885292 708763
899213 295592
966111 91489
265908 872307
853413 984488
13578 864840
119166 313607
555620 578102
799052 416608
104993 761930
945780 39656
288605 124053
325635 611785
908796 668884
36843 224447
994043 683164
219108 702226
968622 986097
932229 336996
804588 411109
744544 89990
491267 980301
271959 522625
331937 712616
705197 395289
171272 790483
427192 260599
670640 956526
934778 87049
230992 950241
685422 989209
368148 963281
149849 875499
303503 263792
837484 614280
161454 156595
588850 381338
616834 719773
946541 704013
590835 749617
192237 115885
498641 811539
528074 177051
440257 805951
275764 262897
138804 531807
262283 994210
818143 519991
651076 184916
886491 52108
46104 539911
306264 171778
502341 381386
376019 145880
886388 784484
660040 317872
863220 719869
964481 905778
153021 618298
84037 297117
43932 800982
604509 352206
793022 76395
84625 507597
392362 450223
626338 409160
629852 667694
955330 22716
531428 129059
237871 83308
994631 291956
306868 701292
49992 161191
135702 792421
393023 946720
230313 221147
680794 581842
65989 559196
210205 966823
786046 742873
316335 988105
879180 238469
543621 11415
557705 329133
510796 451775
148221 196492
295053 561787
660956 549071
736256 518068
784553 502241
839015 169770
232742 65138
834055 956262
645064 384109
993131 52335
589444 747571
890501 680371
436051 5511
173430 206278
166221 203103
919753 769907
377415 858523
373593 773035
13284 774893
703350 552217
512671 752757
931558 966418
571231 282802
488107 640700
889274 705082
139795 954297
255591 118447
311557 290383
845147 340225
149974 578248
770420 231723
40605 279552
705573 493306
784097 773486
699583 352668
601780 256696
776104 755763
905112 749616
684238 702198
200936 412739
803738 741899
520568 88419
920916 824034
375167 284742
436167 828928
561653 212459
441115 813125
64789 399570
722995 151728
133160 170599
817280 75143
550878 101055
367037 153157
38154 147551
341328 969297
956972 161048
227849 378515
508501 301764
343447 587575
380418 59031
80175 29086
757920 679356
421867 527024
679593 67020
405997 875899
190817 516447
906475 165157
239416 65203
44237 660356
410573 220159
509782 804079
515374 619676
621570 799453
203286 5152
817005 874622
850557 350523
680066 317678
54856 718286
948089 33855
134911 291961
221488 846016
292205 710144
393602 540863
678026 294474
210330 344677
639215 146149
370177 478815
560001 227414
945600 283867
882257 948801
933432 697780
860844 293553
9162 201922
35689 545036
315570 317883
411433 563896
964310 467136
768648 839126
910420 460170
840182 123490
936366 918511
759992 331088
293893 178823
335070 811027
447302 812604
647973 497938
742419 91885
330218 958955
364337 947413
898988 386805
774686 778789
869205 544796
815610 572112
443845 855249
608962 616439
7745 984636
712422 485215
93260 1821
521649 465470
730494 13346
180289 102565
539202 300973
754683 950578
52055 973701
142093 538178
45295 191183
12844 45360
925465 973085
887251 398681
414993 655725
733864 756030
962412 695637
94516 760288
353413 539936
967556 954951
55989 463925
839726 415988
973505 247643
605088 527490
413318 24258
474670 961845
44706 201879
927303 74956
132133 135448
685229 229317
307613 387812
339508 189157
492807 30042
436811 912967
166914 813957
277299 659132
413043 439775
860540 775157
309269 509259
801651 973458
184006 709111
261770 645684
987434 234736
149745 744539
923007 401617
350952 8737
426549 761553
82128 166829
577218 528788
83925 185969
582199 139053
691390 365503
264934 535397
540435 783539
390267 798316
188745 303691
462415 556272
802812 626431
288376 522839
658245 428348
784657 958115
134772 2046
798267 183530
13975 758877
835903 694414
206251 150072
403794 379232
110581 399015
364374 708199
554666 282501
395848 948575
386798 708945
418594 567095
64966 873365
114325 421383
906016 248224
559182 72404
895990 716902
794205 695213
311028 340534
224617 660227
767827 954840
702257 513461
41014 387467
471416 882156
416823 190418
519 583691
504525 642137
184770 363260
622364 75096
683385 765246
420197 150526
996165 841352
733459 144586
6967 540612
584200 642500
10075 441080
945147 943259
386878 500282
174900 868157
1072 599584
455098 819303
659302 34492
669932 517370
56701 724931
754671 197138
342711 263273
614202 965746
688928 263607
326524 202943
385286 301563
26936 558323
268909 610851
373284 848430
781410 420700
859304 678384
584809 461783
708359 945232
851615 679716
773151 165195
900219 991114
346604 392702
443294 912543
211538 896306
229386 447858
477671 348048
851052 42305
505768 386033
351791 276993
499912 769319
227130 472666
253912 736543
531414 717437
844129 750052
347876 635256
92935 878464
467584 474354
118744 976874
103695 291904
297760 443407
701995 541777
944329 520405
831277 690900
652862 768174
442565 59722
228786 883529
792802 187275
900959 978505
942453 954247
4146 724633
406365 415671
534524 47930
448173 945541
291336 27646
247708 552503
550692 797193
865351 356495
969688 428534
49666 725498
622799 858882
641019 93760
979642 316301
477817 830074
487865 192887
187576 693708
932017 863987
837719 43982
973724 43184
844935 647516
848511 651829
717961 565884
848590 831466
610872 662643
693621 18467
395141 309348
310277 412805
626401 89274
208643 575149
446845 376391
74667 551426
389558 912064
895750 974576
763623 881128
832180 607025
417727 850946
430593 314208
543090 665364
875139 182615
349711 555622
603864 861986
53271 691571
228551 865965
203203 90065
279200 888069
905222 502835
529982 969312
764655 979553
90923 33327
573746 251763
455903 481307
653116 295437
871988 871378
243214 962834
626436 201125
701181 873120
428961 253595
729394 574940
892564 186049
693184 889939
353291 490870
93063 263433
148934 449994
42694 571920
399299 71300
875950 982000
592061 109659
639300 515509
866460 83161
186457 402344
313543 304984
642787 832199
853461 719347
333071 944898
173704 9267
83527 260549
830746 85676
34999 722228
185311 137296
652145 822192
202356 812110
420916 261106
745612 109520
148891 804021
481285 171666
67760 228506
843991 600139
768867 774649
999728 104896
855534 682015
298988 299353
992656 639105
347648 384003
416689 515932
753609 672862
754392 811886
113345 262704
238909 309294
849481 175656
477394 370137
175138 371883
53977 50730
340981 243593
813423 324646
752553 238949
92279 693917
638408 149729
959156 384769
593157 425938
88819 999076
528416 964335
154634 38587
805668 200740
475738 858839
674493 897623
21551 43493
289944 620826
724084 618746
974810 62994
442773 254190
700178 524531
827932 775897
583108 106805
235280 713781
603042 401714
204570 896208
365270 653144
303828 715055
975999 342458
993948 381260
716201 449087
539554 627044
407560 351448
423592 711829
738033 331145
864123 231983
183970 58051
356851 181140
716857 654879
140594 233830
891681 961164
753830 669151
378673 387129
898407 954143
61343 54735
325143 154402
13754 678660
71132 275872
924500 401564
750486 923891
752145 226189
142697 959596
913879 581997
271045 102136
564976 465904
716674 576733
490365 231333
728417 975954
579798 488455
12995 925695
440517 291640
697788 886409
790310 730481
868837 747802
254591 550361
623142 627551
802662 154234
816343 284865
446035 436364
503193 667761
678323 391982
6057 889351
250062 58486
628972 860747
560598 630330
621897 380475
968562 145795
570064 335212
451885 156858
637130 97281
110793 348562
13364 403526
807194 11527
248591 956404
825002 129277
400391 973265
973274 945203
726051 834311
397158 649575
453471 229123
702360 887042
43380 356922
364540 125914
648524 491040
278988 457258
756748 139220
689163 797060
79382 140413
995897 561323
479676 107948
859409 347888
833763 417757
163578 663963
925892 60385
712741 648449
78651 228922
562422 757814
581755 496423
367 944454
747576 497492
502602 213798
810941 562588
645503 133919
850584 288564
17936 618534
895499 470363
91546 365124
137826 11044
767070 828925
804447 685073
615041 889759
930755 836228
391513 896214
542839 947870
747756 547962
793247 86139
268422 179400
411108 124033
372432 24497
125430 590369
833312 553613
223909 557712
84142 471101
381181 744335
170792 422846
230070 58777
602221 205960
260173 392318
554242 369116
549913 760656
549680 257036
64758 407423
217429 692916
160190 579729
926176 847173
47296 197002
808615 474916
688100 614515
957117 40977
588904 902426
245360 655755
50342 622883
286193 79396
417567 196006
293548 753099
589029 2587
54197 511568
729032 633600
475942 493844
368407 597253
41147 411009
597529 965206
151806 212307
283166 450940
601961 372018
68488 923805
747209 180901
285008 918899
842985 575091
472535 12236
210459 931832
278380 396784
494944 56752
299216 656007
11050 432666
231897 447021
861387 609179
824105 811221
690614 509534
754903 884974
108070 508189
48527 806443
63171 742154
489291 752011
599050 499112
914712 832246
661458 783378
799013 777582
957982 905395
125152 365224
24530 937159
984144 761422
14003 101202
549328 824357
85542 775964
909783 933040
947412 884775
753854 693
339638 878521
534964 453287
383599 713857
337501 395244
785910 271537
950329 8220
636048 787460
508099 418320
34955 607155
874854 401619
355283 455135
538761 516885
749607 544950
871725 45010
362132 936449
226138 822436
616672 456213
337099 560236
682782 360591
5985 520464
38031 617411
857759 582250
702219 118495
890329 451817
831918 462744
503288 858951
99034 171694
832732 450202
743960 713711
199667 927155
974240 453836
503805 225843
545052 758808
427615 938790
387752 310402
233518 233454
315324 489104
333399 528295
898516 30114
462291 187226
217746 565546
75 424085
314453 31331
850318 944554
892047 550081
252929 422766
921907 681607
845865 748807
132924 52388
623149 478868
737348 486800
647740 206000
430840 68269
943726 629687
965885 983130
358243 641029
935812 34289
295224 738473
964307 973291
23144 85662
446875 540283
998536 161364
47019 16895
939353 532773
122282 574483
235428 352452
919269 620798
737594 886942
244260 501879
16961 750095
53694 854850
111467 23335
986714 968766
569176 226813
204097 653372
509277 571577
906102 699648
519974 496770
747991 327992
826507 52274
104968 43791
179699 491182
83381 321710
879190 315346
308720 146934
505488 393203
972939 382097
448044 493185
456793 770056
850916 746309
978426 50975
60357 144455
857465 97060
494756 518239
700555 776657
252299 305383
23566 472080
888994 36927
938757 194015
974286 916373
672905 613735
83624 628085
480017 555926
333398 317212
900996 808630
998656 137562
162398 198531
228136 997424
519637 669699
573077 754522
643624 341559
758734 528562
148716 498573
894089 970285
523765 499148
312137 440221
101375 17537
672769 982503
315781 117187
557578 550969
118084 620342
119422 383964
872062 925543
750322 982753
561549 739160
520495 881797
251772 85189
306223 310080
266547 244203
417034 804152
285805 970897
824664 809074
929577 494107
402394 725019
174373 633982
913842 426980
457976 750322
905541 551895
719790 493884
644069 689446
891100 246567
466948 56533
157952 651927
184151 30651
976978 839051
397500 491316
594978 589351
297769 244008
862694 610919
541087 270445
22292 136859
989443 345783
98294 350674
613749 412684
591461 567055
278051 155982
652054 479396
211996 631683
576890 255947
990106 541324
54735 770975
758860 456568
487575 297865
767676 523868
636886 142794
86707 624854
905041 300493
351583 53815
671953 974844
268982 441237
789867 323762
884294 704089
659901 672029
505576 846889
641806 253844
218428 884398
153182 156036
535676 940302
912549 40871
339902 838971
771705 783757
97488 621699
520363 473644
958800 27105
642209 883043
97000 183526
740071 498010
642908 919315
231493 948295
352935 646327
24333 87085
222506 842527
908410 485560
80842 944863
687239 25695
707717 349241
640389 268514
763054 58578
258866 615563
637004 933847
274070 568739
715206 645448
691111 486458
521961 202623
531400 697683
160564 436335
779187 799787
3352 677256
579118 559261
113244 851595
675190 241931
976304 461205
859625 589114
93797 192518
600436 768131
845006 321226
959998 857372
625144 744085
562667 713572
647103 167440
816101 598910
723339 151875
215801 727186
66383 817821
67330 234246
565877 504582
190300 407127
102262 856629
781238 601689
420476 484508
356161 555744
994404 745989
691357 996684
893085 881385
572630 619218
511518 446211
393691 785414
443213 433382
956149 383624
134176 930503
156580 467114
400593 731195
483365 553971
894731 612707
177879 13470
722989 471815
958752 428893
609169 690687
476714 510264
45456 627930
915537 953258
628146 795143
298536 81589
504674 947260
89807 30249
151298 850045
475962 44570
604219 9288
455645 461963
166292 974125
698680 485683
70301 39270
592073 358861
727196 609855
672103 680555
27408 434624
112884 189201
987739 675677
87308 263768
979000 947073
763873 926541
180227 32817
252347 849469
636777 767495
960089 447227
404761 181883
898524 991238
963639 294586
300148 642917
522488 884384
542291 673422
323749 921127
867914 948858
674403 771668
657523 499509
118736 854238
812995 693577
860579 62575
949784 274337
671885 825490
759239 818719
402738 331170
974102 706950
121768 176645
385765 876481
806032 573221
926356 872691
606227 35675
582972 187583
412131 663868
733054 713001
905462 515089
375501 290762
999373 102938
541151 613428
85493 313508
180421 474846
805984 427559
562503 809391
380282 159622
2938 453757
210565 403384
58434 149507
618178 555727
969085 617687
195240 506760
762923 568603
410562 404350
702623 873561
315970 230945
546321 831648
381672 633617
482883 138535
415758 604657
13988 67187
693323 365404
372295 519418
534236 917607
3770 991432
631286 881909
246310 133694
103565 187174
365764 402095
283197 581568
92746 928312
607635 127418
820627 36794
259613 838488
373139 771835
709276 376813
956733 824590
502561 961587
2966 190831
216925 948481
841672 193670
285890 11893
849862 839425
467711 748312
506599 182281
41623 770662
137783 399249
167179 700891
886136 199696
887274 909252
662865 582416
489171 513241
99887 496834
766420 589491
484806 335334
161501 864580
721218 737498
903981 101674
973287 882619
110285 896553
265928 217061
737108 462017
26366 932393
964554 196702
148337 240396
53683 19737
834721 45348
568960 423521
663981 632798
405114 277473
628111 731776
369079 840324
715777 839130
692738 410771
980981 563730
727903 102890
371660 251663
621298 362671
547747 242889
76892 820882
115501 648379
254444 984816
133070 218138
683972 577239
517613 781312
80263 456681
249220 247790
541658 432291
147014 319499
389456 692236
179688 148803
694634 737379
726848 968070
69924 521210
951793 520104
662583 285785
575180 251365
621887 187611
231803 700949
820908 999125
647200 128223
534866 326939
298537 501414
566765 393670
925568 309538
567800 729346
955889 754393
931581 818000
992952 864504
490435 39673
448166 995518
680776 663026
89956 231966
849382 651585
392126 852641
573640 967307
970969 156548
453511 250310
704203 598514
787990 308245
24024 417275
463535 799150
102288 131281
710992 509814
594827 272149
988906 583058
171536 900550
804533 748164
542478 330059
212672 869227
440969 598663
747710 485304
345365 491203
820863 367540
885310 964309
971647 239545
953309 737601
232469 53001
702488 59096
609371 850964
985104 633501
330670 816287
506957 854476
218231 534961
649442 634164
617340 403650
320158 365300
346059 751861
460871 742546
694204 622888
702294 169076
850588 523090
914042 76541
503404 218753
242244 359896
499574 828575
781706 243593
686507 810149
755638 668551
811331 808954
694907 194803
447231 667209
241701 155742
493378 298270
757453 167926
27114 278629
493455 923575
309075 928155
222985 906242
89433 607148
689952 487835
772544 384816
334251 443647
654563 376576
428138 440443
662210 120003
503174 922133
469999 939184
596055 864345
540968 240560
624607 522950
823885 619325
930267 249728
89577 151230
50452 729969
97418 533455
369460 178685
721504 359490
271950 449041
768634 150628
173399 935557
740459 789489
896652 3214
611654 530684
344068 361564
344463 409529
492291 579329
479098 218959
233271 519897
787172 140545
724414 927016
807972 851920
830042 689514
692722 234315
132330 237127
975375 619807
861953 973737
4295 498045
122282 805587
922965 396625
236825 576126
438433 570053
691048 147210
586311 870839
644302 581760
83207 546700
854341 359838
134617 159047
881801 352768
408036 991290
682465 409300
436304 215053
380919 401738
598607 375411
509517 942916
20697 275791
203466 902954
892955 426939
480869 586560
107210 990086
955002 378022
732747 224558
134127 58763
313815 549107
975011 188067
901411 822547
133343 640058
402172 308641
334039 193553
62738 693620
526404 72203
472410 241342
808168 759680
799588 244437
815672 625849
611180 833932
884844 591811
218526 361124
850829 123119
142244 388389
403736 834821
420899 250664
149878 829393
114445 156008
439213 337257
613734 641000
506564 46170
201738 255283
548507 105516
522540 386768
675359 427364
164474 494325
770837 579856
382091 622461
90403 643048
464784 423877
959235 241184
17332 100722
701906 153432
469335 986521
401410 180233
456687 359176
57394 807885
371998 340284
77361 694759
198308 511876
725071 145457
582910 905261
269969 198699
713207 977052
695635 193509
988530 310484
477539 286926
502971 485861
37964 766139
425181 365415
916574 149187
992738 216985
878064 611422
710419 509046
139328 641979
111274 894143
763609 709815
432466 214630
580378 409572
698353 57473
228916 754356
423051 265442
34269 279521
930913 846286
492268 788029
658840 545525
114854 622208
380790 705476
70908 628386
606608 366749
494628 87940
77789 948733
90460 285030
930470 733223
692181 772411
158274 792248
948483 113729
680351 158940
808321 327653
881503 252476
770455 824244
576584 792058
938252 127255
238701 584865
840681 996981
415506 172456
21226 565778
99970 159346
874899 542805
589082 308576
59791 293570
689543 849383
225342 32227
599083 265843
177999 827579
982237 790954
180247 406998
553568 471099
739072 809949
282026 375072
85331 872012
406414 285707
791157 699120
195529 869348
987111 843949
231623 75013
286798 335939
953310 829578
823340 477345
47637 224758
422179 11159
184161 335755
947543 996164
177157 990719
22870 873607
849745 456705
349512 467602
909118 152243
894908 53998
40571 309221
868067 491465
390772 650641
409573 281396
531162 216560
906406 692814
328096 539564
388560 618193
673676 531943
122619 102410
142557 915787
760562 329040
747608 254
70509 347466
831964 919131
600847 851571
902704 451200
152770 841366
962830 14283
525772 224241
116866 628437
218079 128653
976891 947624
194598 373401
671881 72030
265000 221952
466914 148176
761141 374033
99297 402604
229389 483431
148293 135279
52281 715899
659557 624948
522555 944191
571631 527309
459069 566454
707406 544003
578919 97106
72067 535269
648181 983332
855759 209326
58486 675431
143032 386840
70705 915081
29598 81519
712241 857912
19957 932751
335359 36772
289636 204750
332487 138160
352759 570764
78031 40946
327555 970247
641743 255692
777007 224658
259172 170719
21741 252339
353067 838802
579320 185165
15846 406673
721699 383206
286077 762720
540785 904202
278068 24990
693333 12516
738188 667127
918434 940317
458677 948858
880500 123999
489875 75700
63560 845581
332801 3272
915405 554650
757746 214311
998461 643673
628828 816263
407413 576502
20984 398363
637643 721022
547037 660771
676288 922239
255714 485693
612410 884758
544271 382319
513568 67207
201703 601827
965849 270907
424855 20587
833041 884146
637620 808402
804480 56107
508960 832870
178255 973929
133197 188135
624579 129917
537892 571694
404683 629252
862997 138904
202463 402900
447435 450426
433015 50016
647933 786089
59759 902218
614973 77394
774591 508382
52238 179056
147676 455429
936335 578997
622856 164101
917993 47701
939220 97848
619729 942700
948800 34614
950769 872266
670147 106602
806723 853408
826959 308183
628762 961806
292662 511351
673432 379343
799947 947478
343675 954217
740814 656392
434048 869760
473131 162980
184924 519085
883098 790139
8686 482646
829948 546154
782087 957593
566444 48479
604158 522805
944815 946124
326202 335222
973246 351881
346587 867769
988625 845984
808942 229334
782948 621865
184178 405336
763758 378184
695490 889703
585441 369267
937759 156774
854616 190514
155248 795250
935929 935608
336786 748861
372853 968528
382388 489609
572504 449014
159553 52571
171036 216424
798998 194906
633248 40776
757493 381811
941820 808861
812447 116881
995245 513460
404253 353769
380627 163938
300065 449601
679742 492314
680411 405922
117864 135184
168938 191026
934688 588385
468921 520811
918352 482375
584821 242749
533486 186855
119758 433553
986657 637736
870148 317533
200503 152251
573693 254546
62333 396311
331445 868020
960367 79405
389152 301460
444725 77783
430117 856486
34641 864842
145131 9997
545139 756215
123513 424442
302351 909423
769118 237805
906993 431396
533378 903304
339751 333317
92447 32902
406302 198719
719319 146217
771804 646326
239226 465642
153998 125185
824660 721968
193560 110370
73436 333233
655301 512428
874621 598761
425985 995745
955078 158622
220706 162726
614186 828578
253591 994898
65366 102236
597411 387786
968074 198746
323241 703816
589694 837047
487605 318229
884836 699434
857633 935355
645845 680862
471964 483880
712911 224750
456273 249156
385724 796075
549015 686198
15475 421879
43057 501415
267050 966564
53261 450429
238029 847921
116856 998487
149267 895945
540623 957809
229006 11992
462055 715728
994150 49738
750965 886179
591626 738792
612278 946933
912389 565376
317816 180790
488601 964623
734155 431904
870228 241127
218414 383703
659072 18553
155432 11642
416372 518668
631947 790641
117226 339359
867658 10920
620342 720623
676189 139148
77078 895087
818865 77696
420658 814668
109104 67717
337018 813984
366543 475532
90424 529705
296078 915922
245738 118611
100548 227000
982256 860878
993895 736116
385003 840797
818776 904426
665233 595307
492837 859960
455164 515032
886835 628725
451916 241412
131773 130747
19889 130032
180483 935135
542273 398669
752013 722102
200108 339046
256757 715091
907607 974584
613458 493546
576923 651867
656110 109583
672984 123485
29579 891016
730524 949656
899947 686748
347683 912888
84958 99765
809081 838624
636204 338963
4687 362780
632430 846648
521055 640019
718826 626507
591116 615106
754215 988459
776462 549986
891795 632672
235446 459496
485691 29918
656083 767257
507187 232018
513099 426953
747160 7800
216828 170175
206530 226327
964546 652847
635750 928620
105864 743834
490477 484728
829333 827852
845852 355071
494070 680126
634968 936052
156846 657127
645895 559500
505159 904448
48238 539376
168702 569871
790839 825900
638459 124440
564480 329834
358831 531529
206456 190198
116649 145586
867563 306187
185414 800588
689478 643152
26576 690519
581413 568414
659957 960827
261409 502143
118370 418690
224594 802196
651359 879267
94752 863543
556211 881341
580401 183215
56419 642027
482104 854353
442561 451814
106053 463184
903897 634854
207175 365674
182404 176166
150043 282841
415204 829944
28029 35326
466737 597161
191957 157924
89868 490338
235709 572024
660734 754037
944608 985420
855802 378025
173773 282013
417777 663241
827221 51112
515579 57523
876571 874251
242059 26578
735212 300524
294070 992311
814877 880918
847976 733399
801982 596915
216033 39925
115225 270108
291997 496162
631934 896997
469327 4473
496729 8091
200692 862510
268892 509392
954251 580266
93476 895018
410339 892302
230163 91496
794648 22738
570923 826396
545372 896508
671349 317819
363478 895081
22016 480576
651173 844049
312740 538076
107374 48852
341938 959186
292455 961094
80688 245929
952161 309735
717487 2672
188427 888366
33869 263962
264266 647713
600707 421632
767569 448942
503025 898616
562117 290158
761204 856802
604017 105137
414854 43013
354022 465962
876658 496089
790094 14032
709616 732766
890332 800411
80305 578333
131035 893646
1861 855331
504866 191240
286118 252741
548021 274544
123929 625875
386545 592392
141635 572084
893852 893541
681903 270345
317553 657382
685832 924437
232846 210672
127834 189334
974769 373091
704310 339248
699632 561012
269423 467661
765992 842111
345015 364294
966439 216827
815110 273274
773823 835213
881588 922550
594890 270434
738431 354363
547955 977046
528321 747477
173068 311659
25969 767555
532357 782481
742559 269364
447804 264534
964131 772532
371098 969913
73340 518055
57972 224422
217244 341741
420717 562676
12141 488167
488102 998707
121311 762696
375308 612819
461376 619299
913671 737923
667765 644968
510821 721536
796208 246268
528760 856009
946842 69630
691810 296937
428589 384823
936522 130694
892317 502349
543952 706709
158308 87597
771098 280734
708166 585433
146951 438702
49845 437167
337758 941387
298758 671646
304822 580242
2824 589254
820675 505632
982775 554967
911660 584594
291848 621153
6399 627129
802558 670595
574664 175509
725288 114753
254600 836109
434047 795702
290479 156389
743531 717046
51943 367642
795473 630956
169952 808890
512704 398191
594988 393069
184081 748339
724139 666064
812213 776841
85330 673782
976624 692819
909234 116800
44407 786617
799197 612138
486010 496375
132667 672571
551092 658548
41149 605253
512881 352786
173309 53342
721095 556902
662992 226803
914804 406205
747638 702295
252110 947010
72179 44825
839915 546067
419627 643450
970694 695729
544101 140148
303795 748832
667031 222170
802146 425699
565737 889823
340367 974183
442727 222696
176380 153569
23603 713303
988837 773322
572139 552570
672052 554636
805834 114060
17312 783339
902446 730399
54190 114624
59548 372271
790812 817803
871716 826526
300595 514530
882738 609740
44930 145859
759447 303118
512671 603347
486342 980906
267234 870212
182505 148943
822935 661885
414701 988989
700968 127527
387265 718033
558750 508952
104278 288355
268773 532463
227102 75937
840038 356830
462600 263495
383940 933286
134151 82176
717644 740229
789740 652260
803444 773860
553369 812252
91550 423657
438912 674473
420430 935302
63943 230332
120982 803597
305235 194746
452864 679296
352285 80894
178206 396116
152564 129053
454584 182508
206844 300510
729815 403299
986548 458732
985924 692477
441435 349239
395120 220423
812907 647507
384127 618508
368866 992365
526530 861497
298038 27205
462859 424221
208954 212527
880136 451044
41028 576531
382548 890996
802173 771867
576848 85247
190933 482043
13680 575855
412647 473689
63709 953036
938830 306944
481169 311428
84845 254746
484379 799227
896251 657615
829758 985273
6416 746107
250632 640601
798577 60311
4946 511423
647100 163650
143408 915040
897075 44703
958315 946355
320393 908956
118428 116833
512691 691003
949273 87982
704338 771930
107398 553481
584162 344981
792206 840543
829535 463738
824509 6736
547330 152471
166402 942965
128695 621375
359064 63210
487460 364844
350687 664890
121274 808267
587367 304794
416285 334235
505108 62893
110291 834667
797500 943414
323257 391886
929372 452090
334849 855247
333521 78029
23160 599270
986452 888698
895991 919429
263506 467725
67763 533988
917096 477954
598785 492353
201516 88567
652541 278957
838121 792259
926533 714200
417916 928849
659644 338514
243395 118638
358003 519671
108073 252292
849819 501690
511731 977913
860807 866434
428183 959791
748512 74898
71831 975759
164404 299845
167927 870514
475153 584738
532054 165823
546297 67669
232719 315956
835844 253399
39812 606961
304504 276320
877380 344426
879004 708413
732577 361712
780726 133348
232730 141497
312167 798781
451134 161445
909523 617617
527412 806569
572326 298765
35485 631049
828669 311605
947249 414905
134773 115237
163179 866566
544432 620962
710748 397732
411646 40983
456787 963092
183984 583872
973955 695249
239357 803859
970398 242696
942155 89866
611756 957234
497473 865737
753860 813128
678644 779603
472434 175793
802957 72473
851652 670138
43793 699184
951011 321437
803822 123803
690644 805184
979955 972744
982313 53605
562308 619392
601482 244371
341790 752270
562551 803893
633147 898296
556630 849826
993030 703658
707861 538970
833735 360265
391887 349694
810233 108313
562610 866530
840221 125162
794138 449671
386241 492389
604744 584617
199072 248564
613903 311692
522813 900155
934873 960209
590566 608320
208667 362691
799897 295093
908539 244988
618254 907562
704194 48913
725116 253756
369370 804354
740293 94337
554253 80347
259115 839465
982762 137019
682073 220866
609085 353933
670910 815240
72906 484953
512927 453474
122376 96224
314124 412427
274565 671287
986454 588675
554342 394677
661452 180955
876286 979737
48217 514667
968340 104488
392380 754006
191461 338402
446494 967378
523189 340636
435967 24130
755561 3986
18148 14643
156699 126301
167228 702477
204895 711920
774473 142901
8676 664876
204319 212775
801563 744410
67518 875982
164905 372465
15089 300840
581566 879877
215010 264895
965721 739471
289989 968588
178155 399662
687194 600663
601180 812164
417613 497532
140968 336043
827741 839347
941542 863123
495819 42094
263664 219450
185018 582007
613865 876911
256687 468033
958970 528611
788864 916003
376226 598496
682259 520931
139643 167407
660006 167927
954029 632919
582496 950029
962195 637790
790940 494734
876240 650523
829837 399052
624622 594650
116611 888572
481664 641296
71211 404807
823473 207020
943731 643303
265786 647910
159115 410459
783702 468823
51964 737587
328774 322715
401377 576935
740696 369693
236084 152120
44032 302383
8655 711220
835083 496320
162970 39875
715129 897158
683657 895843
41191 654903
200078 231036
1464 750175
400011 399747
192477 922494
785781 817543
101571 954979
772333 853746
210416 703717
198403 678745
938682 13235
145028 214070
314346 78901
307901 899319
665320 791487
187548 524713
10020 412714
443358 163609
404615 98146
918719 38398
766331 280143
401536 948972
956014 194907
416280 567886
446910 443209
889196 206058
88633 637228
547962 638789
482349 496003
313240 110284
795595 910898
698343 532268
811796 466563
816031 741444
2738 768099
102287 781807
638388 759330
639188 54270
513976 731533
400676 84998
849165 416201
92139 376833
211692 342363
761079 721284
687246 750798
27398 763984
910429 106415
847680 326552
42853 391518
456601 963969
717926 456358
935477 44252
41488 214652
257436 815374
494891 994104
30229 598922
219491 700344
600870 663839
298675 667965
383838 711807
365934 397182
160622 513905
657080 951036
883160 564623
432582 833037
686087 311188
329619 170900
451102 481319
561669 555681
781833 20308
756494 965823
804335 681982
391507 447189
358730 51040
586902 725615
850751 176146
312185 966520
806406 351444
262218 130732
166873 71045
663141 385864
159691 966631
497479 484620
3871 21214
879227 675866
682033 48771
969313 257786
277651 912665
814082 588524
714244 696745
868710 773019
7766 578053
61281 505157
994905 730524
405192 565677
650988 10266
875276 331919
7607 913522
740976 867435
882530 158226
338504 406427
755378 14483
801986 649757
763811 133913
153759 594107
975507 740189
114717 754763
507737 473908
249817 165763
195453 13963
700985 559461
48122 271823
344767 360551
241159 20485
578149 924622
225819 158396
657379 283289
340125 644901
932640 308574
555537 330403
228272 333737
281699 127955
161032 617595
468946 345937
565896 268571
670763 188336
534289 153160
694536 244331
756878 827901
448444 3026
751546 501958
497544 773704
491814 814333
922110 879210
644985 912781
724163 672091
896253 395922
930959 657109
246159 655739
404801 435161
163175 22002
110275 412623
361142 49182
943048 475541
131913 251020
661012 430892
713097 516262
216917 831231
777582 503058
884250 407363
949272 499
344072 742802
321705 298115
2358 381605
374714 235695
521794 832792
981002 88270
502396 232718
923815 383416
506825 447465
757618 598515
772292 185866
484896 945052
907411 883059
886700 774701
902991 262494
154174 85012
705505 425781
25953 669294
617697 978304
736931 92293
333886 145425
719698 237475
173909 939400
810651 19681
309378 426954
384984 616883
197882 442160
277594 746802
346121 149850
845833 599915
481858 645787
458782 428848
255704 118100
644216 844655
444079 901382
278740 869719
128239 801855
465688 248647
791154 628837
550002 927821
392443 495883
9440 500108
754253 746245
654077 557981
134670 14566
487844 572953
485140 93369
640116 80226
269216 605441
158553 948576
706722 226207
575555 191345
99902 191107
547906 252664
607598 592757
181804 793355
739011 388623
827838 934802
563977 728198
436576 210034
599114 856781
906848 19625
378114 812068
601400 945391
695409 423939
864679 996299
613245 508083
154277 668694
594320 693443
999933 820865
494968 59553
49085 865825
950327 615717
275195 774439
314358 438342
248745 284770
549150 338777
130525 106216
747446 704393
711538 997392
538226 858306
515836 138070
257191 76279
673115 871034
378644 650909
331803 248739
547018 427206
285209 998666
217966 279320
684043 747210
310526 726725
112513 327379
953942 184209
581166 829576
793675 508203
865260 214011
275806 608735
126279 738455
25774 899065
464879 427846
957917 335994
916757 665640
228465 866344
46545 779384
874287 620054
49136 545173
569677 946636
684942 336966
157263 640927
619951 968011
230748 881838
575650 219511
810389 544397
752475 822797
208468 852165
539208 547917
282194 56355
83760 207561
705958 318523
611679 543721
248457 90609
559679 30575
811306 255200
654036 441730
902555 558649
118977 939477
832934 878122
297813 948925
88115 716913
530607 827402
720708 608210
205740 270954
80774 233884
431615 73072
854129 591175
473039 594145
305206 985323
863105 931484
971277 336442
152153 521529
371857 149809
644487 365697
140304 678951
106615 126092
135009 686229
799090 453349
234763 64085
137777 455296
5416 844168
518089 502797
98745 250164
265629 493669
357967 595825
898949 838184
401912 786649
759454 305145
61387 800721
259958 895664
866808 345462
739601 813854
513622 948826
137152 938119
782840 42784
540007 18239
133286 509954
743260 576654
676380 804324
734692 505328
699340 381548
772943 388298
686261 496308
861683 493617
833098 250848
803247 518859
641220 647432
504032 439924
708248 600946
92732 988189
423520 817802
909453 608482
41492 6719
67484 678656
68987 152661
939552 25886
763162 794487
545960 652946
290167 2897
569774 796744
64481 267241
189030 262291
611489 45157
758562 606447
66774 533096
673719 883495
116061 464712
721701 418343
300092 21669
540374 374981
870552 471825
699694 60453
114657 241941
928052 634119
640227 61192
404025 13078
865314 727927
233436 601274
752227 682995
862326 481430
355861 189752
389815 634672
163903 18809
648266 560656
162443 177375
520269 860494
270224 847545
972430 43259
541326 549606
350307 168768
670527 798162
457822 723826
323394 824220
113253 258378
543186 46112
282305 158825
241044 609818
257547 296970
416780 607574
463012 519414
665122 378738
655542 733197
860503 544396
696964 673150
10706 214906
178133 466957
143060 552020
467308 723541
116638 131366
83223 207576
722658 288126
278033 49874
783875 991878
216638 809231
164205 661346
701787 118980
514483 931058
45580 128405
395053 628059
352585 38116
851008 585918
399690 954285
543810 155265
502492 531568
834539 272761
532549 913868
527966 648743
875652 362873
972022 445338
636023 345800
710051 637342
429553 141084
333347 249492
980158 528493
127391 941846
245565 883071
493753 298589
265472 384720
727121 17316
949533 236848
441412 896227
123310 35337
485953 722431
222833 404869
509311 836422
801140 142537
434043 281870
101503 593816
983720 554900
567846 905069
997343 393865
704225 40752
39634 183242
823068 941071
418173 648983
154491 410097
533487 541275
612280 25706
166453 146822
850124 847541
93370 784627
123006 409670
622788 48992
489624 606992
659054 467835
477443 23277
230823 185636
101686 618620
467707 834614
301357 711974
375424 708921
294562 398995
573306 628465
937626 304607
471550 384924
189672 714977
998491 909585
626663 298445
448592 521399
493473 814395
70632 972652
731144 933311
376085 349416
711676 970713
450725 780295
272589 385817
862228 53479
993943 928865
726592 775874
989012 293130
947613 568349
273674 894698
268374 325781
919421 978119
274098 614854
74384 622363
172814 147051
994010 214599
441749 386595
915539 117905
616816 272607
719343 968841
885426 374019
328230 742463
945976 72673
337284 194543
689776 117796
697558 112214
124601 454417
13958 191923
370698 6425
142686 738159
332684 256544
93187 179284
66485 22297
961651 371313
138875 39355
492427 765302
740468 790997
977236 699532
892198 597334
755957 117937
897207 661406
572568 985445
810191 970085
559646 623686
800497 706343
206315 800726
308950 732830
641410 283863
372194 117722
821697 96486
789096 165044
553167 296906
819781 199735
476172 658262
959763 990916
180163 982461
949936 296324
700108 943248
270698 223286
603448 564005
180745 802701
974761 583558
618344 821956
506499 520590
216768 564330
44930 241643
133887 561394
589271 79752
686223 273082
888152 161398
169155 443433
84455 734922
365542 580928
378975 146225
798915 837807
340917 989181
830028 677566
504392 963252
578141 603183
955118 719306
619056 582574
760355 296514
105866 532878
94664 667750
148823 65793
949150 519793
646470 643422
942753 348412
164251 209134
50498 182877
286536 552659
327016 269703
586898 645784
767293 876358
978435 158874
466202 496118
11786 732146
442516 464080
341555 449942
654533 399948
594015 570730
258303 782774
36186 304679
61457 963268
158581 249677
305233 73969
86912 335399
476112 266352
654967 511710
856040 151113
366498 565966
730748 781534
190705 981836
495046 141598
763905 568660
886713 647936
266053 567731
628780 760425
120278 320481
752404 455609
331214 258519
586595 780259
323264 321824
476034 19610
489920 663612
773665 415574
209 541771
925059 851871
986799 321824
275648 200294
190033 238509
650400 122636
634255 18355
653522 277352
882227 795346
45735 9397
940396 499445
217672 831014
250857 513396
492251 900268
828614 88554
251849 431675
515385 544225
623286 603166
561676 444021
452348 953446
707975 934374
537583 891956
44324 46555
536506 779860
231420 422058
222077 153987
169229 722555
744749 958952
925744 666176
929629 525404
705336 543874
727903 657705
361170 560165
399745 526810
755053 612934
896598 19114
917080 815662
930328 46247
982100 679508
962465 353513
927627 305350
711524 147008
596412 160539
635180 332028
157703 399586
381894 21480
439628 254653
754026 822076
221884 119860
614234 211798
878971 789836
838730 291248
673764 208230
689293 959642
137361 395762
190966 870049
184332 818203
499484 328611
269154 181238
160635 227186
434546 706261
143397 270849
312814 882052
155121 629004
490029 38612
988041 412815
104698 541478
27490 328385
28546 126039
396521 752358
119256 515323
356820 756658
919445 525074
930643 230605
777115 884841
616292 457175
384434 976763
128231 79169
123105 818833
213324 652869
774963 203644
485493 169395
234101 915963
721002 761314
54569 667276
508730 207521
422279 804757
463046 470223
67087 396593
369249 900498
433977 39819
960338 776859
510441 274232
700407 291548
813360 351251
86645 640728
820960 782116
602488 486011
272215 850442
593300 523816
776625 466994
754489 929809
17827 758878
850409 322880
172103 523247
857391 663718
594176 337472
272990 909419
523298 207808
358202 964664
847180 733508
82985 223436
693502 482757
86274 858522
321590 547625
913238 766397
482566 329902
946856 4639
108645 446383
650820 638855
897404 31688
315315 403436
336859 726070
909862 999515
400333 828071
972934 426052
521768 871699
903055 932279
722652 728636
786279 657505
853889 988662
281328 575084
396936 363930
739665 294821
782016 906163
154466 954265
776222 390569
634433 113358
468981 252041
78452 721263
750629 880014
772551 816397
884936 820904
222596 971338
653220 365198
341239 910963
508576 43771
704391 104675
479007 287907
879065 238925
223749 262728
259703 597430
361583 777331
753326 224109
441817 257362
155408 407396
284318 467938
442401 490761
179073 987471
332627 3842
427784 110044
996625 94172
464330 11199
250242 983248
17506 314731
929272 799625
120418 834439
889552 213221
47216 505895
41242 414949
910297 121234
610401 291622
654973 251253
522672 665731
77221 263679
22606 509496
583162 587391
140482 374799
947012 997201
417840 593797
625686 466542
71621 429559
616031 210045
785163 447204
897066 777087
607837 456763
388920 454419
56256 419525
104979 826571
509240 604087
610025 634054
434031 254599
487557 750326
817245 730677
446612 948082
634409 880068
578027 760459
592894 479469
569641 689483
69585 115652
495583 523905
566858 211295
214395 882452
109997 634873
456111 114670
895820 187234
672624 134098
314396 885450
30645 415950
630308 310298
82594 807968
824973 499799
121291 763855
533746 731499
83590 792716
158239 436244
633189 37244
436696 765912
879503 426231
358614 698671
731431 932222
702768 91631
102045 944849
770598 754350
95132 990585
404351 236967
769536 912380
173529 661393
40538 734244
202024 955059
502970 993629
818575 866198
299469 316232
608182 860298
739600 515386
179794 562913
962743 450726
780830 816984
100293 328899
304165 921240
699464 940845
410457 994698
348105 966931
672413 130332
756057 603749
88146 6097
471141 161373
37665 842584
727239 837210
156639 754920
814144 912647
884727 320932
872683 228291
674420 185593
909117 435163
939893 395073
835283 764283
148897 331025
479565 134669
342379 817460
652387 403994
836247 974471
388224 550318
33981 498613
233330 656089
807363 624872
792691 88896
464935 276273
958694 276234
385203 220329
159430 224696
106305 594407
575539 370586
119426 574159
591416 35567
660951 137803
809809 324113
166659 625944
366653 414057
331474 352644
76927 129809
977622 327658
364036 375663
192835 958250
611944 724781
695173 881197
794168 999908
636942 284216
813736 534441
978896 989818
676740 61055
981939 726692
235620 559418
364125 539316
963402 165434
37376 228344
571291 269723
766054 687273
748684 534826
458657 939111
439699 688364
405681 686820
12674 783659
734952 690396
82747 454531
443466 602119
606057 281861
608311 634426
846861 223906
146861 230252
762808 625137
25515 713563
990243 167013
306166 947431
138373 547681
271386 254347
278350 55413
558780 802830
116291 372556
464515 701277
219098 875416
422258 334648
660987 510527
119262 671028
467265 596978
257335 316753
181650 160647
650459 391572
254723 973129
224685 977810
570669 765969
887608 258034
804608 541355
43945 953356
702158 536901
157802 237227
633199 587410
569111 993032
271615 969722
895819 786480
531768 485765
361521 165463
272230 744095
103831 22265
878013 383857
4480 9408
51415 304978
849569 689424
92424 993478
849347 826692
931831 386767
57785 989832
92216 897638
486115 61859
222846 308783
335158 331340
46759 255023
805070 409362
25527 185453
521084 304463
459795 266710
783592 475900
189101 874485
393174 625411
928728 606857
760581 529288
811761 452602
750427 55859
33236 365155
944852 60324
882150 376431
983326 269598
869733 68331
545507 694705
998082 834696
811385 881465
451224 322662
292954 312049
754219 794884
171410 195652
326975 195820
33306 81914
547275 957504
685364 88479
510785 829099
634746 136510
228910 353200
677091 507945
591688 712456
613850 74704
400576 715611
238957 550129
563397 208821
788137 220358
983183 134875
197724 516832
557628 493375
105091 833765
530579 183875
855407 638712
762614 163365
574605 982373
703612 374565
509183 596434
3616 479509
341865 538755
847186 471078
113447 845203
882749 245090
959324 633941
639984 900959
224158 235680
439183 582041
915814 257461
592884 530089
784917 462433
256793 898946
148486 460703
69113 720920
555161 362511
213809 273426
988485 518201
566443 179240
741952 191682
618799 163703
948697 83810
112445 120838
109093 17601
529381 563539
828477 333604
239941 102435
934812 941663
1554 41227
630759 142337
916305 962048
745592 753276
45087 977957
148933 710563
596346 901236
629670 324497
422256 385888
576459 980985
367037 534308
298667 767563
356062 342564
129124 30551
232277 354518
427813 645384
198726 970741
133391 920359
533845 709485
371977 409234
348538 375698
574522 981969
767609 915487
619784 88912
660702 100492
336451 54629
961160 351802
131407 379699
663407 747308
279435 755969
894508 113699
108770 16177
753108 162200
634908 187436
925403 1603
350783 601294
710649 681222
837471 843042
421568 656404
99289 515604
561260 863141
949206 22705
948908 236921
181008 155046
218200 738519
943041 454534
487394 644705
413951 290483
115182 822236
760164 51133
648442 487514
764124 151206
809527 665183
746898 250394
903202 82172
593879 572638
829718 421921
346871 366547
743748 369316
318021 117704
875310 795376
854363 729722
246373 919353
627911 785703
643675 855439
813376 7414
474242 542628
457172 378099
171040 99533
332058 772060
392839 53338
303114 793358
283843 580535
291885 547177
321946 479915
409641 871665
968768 37581
846644 257699
892918 397651
603888 179234
577638 693427
159797 284757
878257 72604
869818 672161
127290 4431
971417 122338
971361 158233
555993 491945
111503 380421
618600 999813
565778 937540
750497 862736
904184 256756
558861 14047
122570 982274
764540 82179
166214 850955
898500 78189
794796 676590
971943 70686
160183 917261
295832 212106
560248 36634
188014 63933
637274 617645
197539 231439
235472 495916
63898 470768
288296 194475
288616 61975
816855 807666
27387 812779
41704 302129
253812 54639
764234 798275
406471 595684
332342 829026
289616 10932
672961 506776
184649 602527
763865 616807
611114 959287
916233 96114
387692 199784
986789 733050
810338 642157
682584 451018
27795 432616
396477 484579
494264 364897
511529 957342
557458 62836
968953 134891
70902 465140
532033 735202
750758 114662
905856 572137
33408 748323
259589 505133
453198 3440
326438 178210
810377 280173
885862 715920
284622 25434
537865 66004
50682 581669
824401 661801
958027 3732
528169 540384
220055 337460
971236 840293
435057 611613
979815 965336
971352 6276
500795 868647
536154 385034
319790 34495
627680 767686
401756 564759
73878 795040
572568 585973
958193 820583
663472 142994
60135 945189
602482 268547
835276 219430
615467 655226
483199 83064
371686 145751
5783 832579
646545 55015
812312 800991
999843 602814
609569 99136
314518 831787
32697 815978
474666 273776
898075 322465
632549 115341
520340 351022
748064 71999
486169 479899
88267 579353
318326 999454
664434 282403
41002 290077
444918 629140
485463 18438
911639 554943
724767 374610
254114 413124
973452 463975
13523 398676
749405 185893
476645 45791
459159 388775
96045 350964
428024 586553
605077 143409
706066 911700
511817 219058
69816 638669
735803 389168
929864 975387
552236 681177
822716 680162
759316 635839
51605 614183
518310 895784
704085 496011
779429 85143
247467 436123
624783 234039
483653 562555
371802 818596
973000 461576
96740 605353
994694 10092
294769 222863
586619 312994
623140 935172
567479 270589
103621 566303
674814 87743
164423 317859
766737 234071
270613 891156
826153 968370
117345 907742
75630 476165
331237 859981
392090 511328
957157 464630
279496 746298
761488 5224
968700 607867
365288 813317
783359 808562
547234 744876
311665 985877
638707 197390
488534 608734
581463 525122
129485 836666
198298 325267
694884 654068
164296 250551
23128 635498
850777 387776
294008 763264
887221 500040
7510 230801
95671 345152
377030 735307
902350 249948
855876 711314
873889 798592
504808 973038
25911 618765
488219 444485
754856 145937
87120 731126
459148 548300
382329 818574
834464 7784
357538 725293
801198 279898
740924 325689
383290 485860
872368 398028
424464 383605
514540 246272
11057 752528
74580 853023
162194 608825
219955 72816
877166 443166
569702 644133
95847 456442
533539 973161
964920 553968
550685 618941
168871 801245
70088 706017
968869 737348
481756 705734
252795 538550
992552 824763
929732 287340
253362 208610
209209 824034
150200 262318
162400 718899
236488 593799
995510 141437
881717 892891
918085 636692
796047 704497
495818 112240
212335 771694
971143 834250
126096 163875
950638 989821
952933 746436
130771 609276
194210 787913
181484 882973
483352 168951
343325 513839
673141 429398
131298 356078
996441 480455
559108 903819
664438 649103
839165 572041
875359 10031
546185 843297
22873 217568
587178 677795
25750 429197
974347 291037
796248 545885
309830 537419
115317 793171
475761 796095
990625 888272
105083 994753
726705 694428
532470 671522
14111 48678
205497 586634
684083 815472
646388 131831
403641 949673
558207 747182
510925 507237
739086 911702
378232 887042
585955 741580
710862 364278
454883 493024
735524 198776
401864 436763
810793 139551
796542 33684
665576 262742
611495 596528
9962 249890
752059 418378
97825 860399
765566 381730
868776 875295
929779 204958
566802 539763
319596 491754
340981 214367
196682 185153
304291 385084
212995 720403
705539 547196
777894 413622
624854 510265
299880 338782
590400 985760
26365 272988
9554 479189
657177 141669
451636 757585
68185 314734
103592 503651
980078 193307
918868 325918
219635 688282
695028 834866
25052 397641
297723 861444
925051 779551
237250 586190
263889 330096
563206 611045
84210 697380
808655 377673
565414 973962
15557 895290
880010 31798
517989 75182
886824 121715
326617 691661
389075 408326
134303 727209
232354 761667
612822 163130
717143 984530
793251 350951
960133 331208
220389 424308
734567 817854
476506 434251
843928 524663
938464 981593
461904 274609
724621 119099
364522 309088
603760 944213
519530 732617
843597 74021
148569 615082
968082 914620
996707 20372
670289 88533
573580 569774
261571 529792
109689 537837
10734 804660
115954 646508
73186 589867
335297 352504
495353 148981
858350 978805
129339 867117
613446 139235
182465 169456
918792 192919
581813 513328
299971 529979
994575 36277
144426 285298
319057 947612
933959 78081
508070 995034
648047 58808
977049 437660
247965 147478
429210 727284
580172 317177
465908 804555
32486 160101
220215 824319
788958 862664
935775 321670
973177 422448
834408 576058
81575 641988
269944 714143
895323 258133
838652 820030
682267 340016
609960 21600
598250 110274
474122 262973
249823 282129
675677 397718
755987 586711
599407 620221
888635 523642
973631 692563
943475 131159
408649 44698
479975 174378
23876 427109
242824 630271
770794 442306
523679 109959
410067 862591
250271 492273
421145 737305
569704 30068
290836 424332
688096 11501
991733 902021
229523 135528
332536 32672
799975 900094
441226 164798
652952 531498
199119 975017
940617 244571
292976 915819
314490 527231
29653 935514
960447 69762
282133 715482
52689 141225
75327 132393
972941 121052
521686 247231
819597 92078
155239 669664
848960 328891
964511 459911
298081 881005
132422 981848
139370 470896
77788 126155
421019 862093
431863 222669
890046 24780
813143 953399
503749 682758
707529 243663
280519 563071
864945 397766
256028 771486
30248 473634
346831 21008
103072 801616
560163 935649
780660 397103
812407 258445
712099 894124
364732 6200
770131 14569
137671 302431
869647 967007
749251 31115
683121 931475
257081 310482
851461 706141
888568 123488
594338 819907
243787 841021
377980 805586
604500 532385
899681 484800
802220 236681
643112 218833
781474 176428
586400 972348
300788 173154
66011 284532
132504 551387
924300 188207
408047 260574
54402 177861
202489 489223
574216 14077
816092 572541
613503 785807
279913 940618
886857 509445
119855 904950
179098 88227
313519 435039
418255 172130
298846 987108
541623 706303
193942 805963
483302 448202
569324 456247
352890 353097
331740 566596
453813 876023
238669 851768
637235 516382
213533 691116
779054 458292
44075 890101
583268 38875
996363 966935
245784 231903
152046 872813
352185 797523
400164 232322
271569 860292
253994 186042
702593 496467
51883 316838
289166 87397
685488 982664
188624 538821
571379 379473
635544 842688
130592 37766
486564 204315
395544 633869
897233 143523
251235 453065
968115 398761
409981 869431
814045 15477
150660 386578
946809 741808
228384 677751
340742 447433
637048 705098
723429 449618
760218 912746
325283 557078
86298 639766
342392 823145
888654 25476
62111 486300
949375 988044
523 89297
794110 516716
629054 791117
60042 267648
305212 198301
732429 25100
624091 351179
146237 881352
876626 59034
197844 390347
715383 971918
550431 354413
37882 759431
763781 760096
498147 887014
719414 917442
473255 193214
444483 412811
423718 753262
17235 879214
943845 398338
973347 98432
315944 424485
68553 306529
356521 86195
161708 924825
395349 448497
387874 112592
713225 959970
967757 793186
751619 287837
95523 813858
262956 344288
806140 545376
26807 208545
658003 214233
767145 780568
954180 282787
380825 974097
716437 443981
65897 784824
429399 482337
338589 594459
374799 412996
939201 786737
722057 573504
603670 931593
218561 910113
570028 879967
992739 303983
881329 322012
189093 165074
2072 743691
99868 876012
629059 23619
657807 815082
505629 930535
369582 200338
300015 374094
170499 756383
2088 25531
420718 494567
208997 975449
957388 37547
208099 559949
938200 793382
221518 343010
791222 413783
925684 237037
310755 412886
357775 658239
105443 186310
954550 638000
875108 660565
984074 837298
765956 113686
961035 31163
742440 760922
854102 452468
871989 359323
13436 170457
738349 962905
888156 66002
505953 47639
739556 975145
230578 457919
386668 572883
9468 22655
79166 898928
783309 848342
609929 540551
946073 578911
728980 409323
971217 864545
477920 448039
84861 772706
227665 202121
372054 95805
185845 933831
662293 499526
265605 858847
138694 443046
727210 98
48671 124149
423043 810642
612656 515786
654837 808559
823765 536376
194289 618333
430616 751748
83553 910323
524217 929280
403639 400846
722151 757447
134619 399091
690354 372455
454810 444738
101858 458814
491751 341230
693305 712756
570388 740719
947754 525086
685154 660058
582075 205801
835518 95109
462214 956934
133649 347870
582812 93098
592774 770869
427954 743987
172266 435685
343761 444489
912871 811270
613393 14195
367478 905256
103039 820997
191843 83032
156023 944720
964578 780464
340884 501090
934955 368679
22362 155413
678662 53923
562430 822405
621173 230784
692568 903624
864152 994708
61690 309818
188218 633968
457727 891402
594712 137512
187989 88586
860229 204245
447248 540686
779767 550238
464892 390875
603149 609574
2778 761109
209918 357368
311979 968986
248114 999983
832355 451002
699720 7037
322068 755028
547459 258392
537068 216450
707195 989533
14523 263138
948529 964813
490727 303823
804137 199610
568451 339299
352254 913753
336285 792174
918674 234698
229410 405480
20896 706416
445660 869285
157078 229223
874609 725724
478719 234930
235784 868764
446556 941430
525495 514019
807484 923227
663499 243648
380838 566366
223884 110739
620838 912824
98687 715592
973174 141494
377978 593962
795466 740657
730889 817875
975888 207346
905848 186933
780170 602247
261956 486323
443663 112877
680597 36780
185040 285367
363940 85390
293093 315250
222604 631184
75347 142647
128185 159488
269106 996234
541196 68957
249498 437356
550161 337171
613057 787586
229349 99891
621773 20998
818199 215908
757690 138222
453118 270496
572167 145648
763822 680174
564247 277134
913350 348104
344245 288420
251630 605991
910545 133216
306072 256862
238150 99982
807318 619240
772736 991851
73742 319004
125531 954119
74322 903751
356618 78163
607653 753318
846758 608967
478247 926688
763742 834194
23357 790484
437150 672878
644132 419356
824961 528975
198539 595143
162534 833564
396888 261663
626081 755205
602202 234918
723756 742511
236353 473365
628723 140726
760242 792610
488250 397501
847641 605434
212193 549357
835159 28543
851458 200470
199889 815364
347361 773900
82766 395684
738387 615005
269430 779817
871626 774670
438007 198953
94347 142876
934491 223997
277290 196320
183019 950406
753522 393205
559223 851633
400797 702600
995277 195857
536021 25581
932932 109699
266632 338031
289023 73087
787914 865388
648463 534522
538818 77313
40226 987118
603412 886100
903780 400173
355600 627228
644657 352187
829298 353114
423096 170393
863894 706572
416664 567881
947991 90538
782131 949917
945579 746645
333168 344158
223054 557078
968729 430921
602316 929310
123883 353510
20563 213131
686359 872951
697420 861321
953880 830598
410401 792462
508199 61141
33864 681494
887672 5424
713600 547060
13832 745578
310685 225435
98856 994485
286185 901842
62732 323286
28327 366424
420675 758688
694795 384458
583700 645387
818600 940212
899434 475393
626221 281753
345152 798469
736861 109859
6751 186356
597165 601091
522613 595527
145146 164800
304054 719803
523704 605712
231082 455037
983033 549131
696339 505157
210580 831730
399137 756710
609154 513005
211154 441507
639017 863861
86036 637100
544356 28500
621848 382546
744053 600392
286313 774816
644136 870011
789100 37187
79224 382171
95394 79572
830871 761318
218472 463898
789813 493622
595075 130855
565795 178788
685359 893686
269678 827643
936302 947467
728802 499578
638066 918423
736393 75679
617208 53217
685790 951099
397142 634642
90674 477258
272529 265521
636009 628849
120112 338345
369145 739217
643591 947542
409569 181628
411226 620820
729907 316113
837195 86732
406952 818372
154095 550831
951200 578081
490262 158054
63418 225926
825666 805380
402877 942888
310655 928502
650258 896057
675724 159207
343958 380411
645735 320673
671029 64935
222123 465292
668161 765616
220143 175654
986073 165709
34209 552645
283986 727147
542824 941099
674162 672194
416396 387472
708817 648942
344414 807896
267850 441471
227722 860253
224731 16160
619476 895099
293137 388487
983189 614504
698481 81097
641612 389497
283432 340800
575942 687493
185583 489304
265019 106712
785964 546400
410133 881646
339538 709585
939847 161791
791034 9800
302375 793834
499817 331102
227962 21891
804730 469150
847187 930012
438527 621437
98150 715367
924195 920795
334375 20533
106679 82050
220275 626947
556067 529335
33935 510729
708400 341914
749904 12320
1872 981852
12845 208341
613948 503580
423727 41657
449125 986272
357747 386734
585997 722861
423169 836344
332183 503540
232833 185837
526640 552153
932103 872620
766401 209703
342233 632590
871373 200560
943331 920215
369797 131027
317388 524829
925036 189579
717741 335091
886268 87210
877313 482921
209723 635288
230724 923190
217980 524079
381448 894046
851946 321157
346629 43635
144763 452726
198185 832926
86226 648154
205903 980961
579811 365283
248250 991055
881476 858041
677286 833492
325658 685321
39586 428022
423821 725833
690470 329693
455742 841531
993088 60382
284136 875318
736627 386172
434207 128287
689364 388333
672701 806355
839635 537691
896209 265326
610241 329318
80358 126116
193776 542189
143783 85094
925051 857823
516030 467880
96001 865638
161285 132455
542375 808281
253396 421387
488141 764221
612345 803084
42495 135987
77755 212430
92290 730514
517492 172973
490141 523346
598590 70688
336141 802123
511560 993981
253753 27759
523151 569858
61393 526266
974846 329184
553166 162308
634861 577841
131015 724255
259892 236870
384277 15591
560627 196329
394503 341062
35461 853643
471019 351029
180965 162327
956466 373343
706304 168724
351378 434202
215251 64858
796918 339010
573480 495462
662057 19143
567232 500571
824611 17661
181087 687083
359302 154647
449840 444471
255123 24773
667717 574445
226098 79654
291576 59965
141589 482474
576042 798173
51670 222739
307309 486417
930330 857009
424066 366790
138788 746543
307435 151554
518807 179688
890052 636041
270430 12859
166645 987099
86056 777149
99666 469861
228747 748052
52153 244742
16964 178290
884834 204186
791964 270862
973685 865724
592380 531313
945505 766428
77030 719084
106782 544433
283214 998929
874332 581802
938945 771590
72445 604708
357920 876395
34085 362573
662733 312836
190250 784776
696760 888171
962340 831572
85001 10639
733526 959940
546785 871579
529684 295858
931738 126532
555063 298812
486327 493767
240845 309832
823877 73844
408265 198283
140475 223699
774962 789407
675232 46447
646184 622170
694779 395687
963883 290277
830481 515980
51572 851521
365226 805056
913968 599051
433048 297155
365665 867761
556414 572351
121166 514922
650057 296391
515239 880512
699603 581486
909541 962382
106653 225840
931340 378460
443122 742693
29403 965364
669141 391564
624412 393882
798017 260286
344094 642877
30456 908134
621386 390765
462201 67215
392340 431239
671306 757269
867191 339628
214604 781396
865881 642945
861679 233163
187262 811873
981130 87151
576088 578378
474554 37904
540042 465712
844094 714298
557876 469448
507856 708307
869395 588177
143077 185816
454413 901592
714999 979385
678827 413033
247633 636843
656533 85628
609994 456414
656561 830940
614888 670846
92632 655379
131358 222999
807282 697887
83084 402377
600634 51496
