1000
937220 119038
331636 751006
934792 287845
199282 485938
694187 670160
687024 88905
867465 461788
379772 651424
869288 875652
584081 60142
989741 704143
936661 849031
815390 266631
754661 374797
41712 847441
665075 244079
899036 914969
769417 344110
343706 463849
866928 419142
450218 130233
558399 764796
971039 350008
971837 185123
795018 111569
226577 772726
967379 539170
348426 589009
263266 557485
458952 688494
271281 368046
176143 584831
184608 753177
585239 314622
399195 674528
42027 417830
769248 63624
664780 378964
509461 77360
445922 828241
561585 802443
344680 468037
238837 122727
736369 322204
498985 189555
526903 181121
398960 57026
188936 574446
146292 814255
754347 620262
165513 317908
114236 529846
767957 292271
915476 213468
501699 213063
69802 857422
934879 426937
515350 595034
138215 885591
839517 666318
194608 308477
385671 399395
727054 535422
330488 380377
637086 189230
531627 817999
883618 726939
96772 777565
898164 29899
901436 239845
206091 469592
400211 913016
451540 84286
910763 90999
940481 819017
576900 109009
264003 310947
885186 806627
67933 296142
325714 756124
847017 422567
800 668806
7841 277733
954972 878620
411933 470130
37907 412613
69057 862778
209438 354525
540128 451644
21667 604227
979712 561849
715511 688379
164767 351981
22791 40044
331931 625789
825205 458271
460259 182493
573937 798074
107155 976266
580213 322587
784345 198257
545227 172037
153085 14827
414603 818334
429227 168123
171977 230105
322026 151616
508825 547619
338685 506022
178988 459709
232162 599766
42846 850469
329422 975392
449471 979590
372343 195471
81448 128614
950066 377459
556188 297842
404869 627259
187605 838716
800591 619729
883339 22153
25852 89142
390343 392860
356291 312781
623029 839698
901406 852472
602597 521355
68284 189872
857592 277169
87959 51226
859086 590694
11630 424982
844983 211464
261410 874529
634388 431347
269022 343650
313527 338586
869872 726073
540963 894324
243885 44270
134810 464364
635661 351264
483923 904625
936563 415792
850087 591477
850882 846115
360247 968667
476010 682018
73108 657843
463522 318484
66318 810854
384433 989905
63683 873796
738251 32669
53125 283297
429650 458576
275947 826419
934041 739203
542560 202535
772823 289594
73900 208806
90890 166883
248920 303227
271235 291207
156297 689177
574406 74941
952955 978700
948963 134508
694552 898092
634504 86877
641859 277678
626882 315325
906499 843219
714379 870076
548684 664146
106965 631393
196351 408498
847915 411286
339515 324721
479673 577176
193552 91623
810326 904960
211095 442749
485792 643572
22032 991219
918116 69758
305126 148541
926254 658230
763033 964494
912466 154893
925092 155097
419833 856468
75513 340144
714742 202123
319434 204808
565503 662664
85615 794123
52851 213790
263055 301565
619880 554882
60572 210885
407241 714387
217223 119525
864695 898444
138907 770744
325612 199810
941487 65633
386909 27959
185586 906364
513917 144438
640563 934709
696394 105091
120 8074
918514 825182
250719 927858
140571 165376
333762 73514
521580 261085
753729 731815
869861 987438
517268 90915
102615 285088
734349 594044
703831 295015
860964 433288
762158 713730
671754 839476
162696 197376
957311 330383
575006 134982
348056 432517
23516 238895
778917 784798
373243 262824
174094 454978
880269 874361
920980 23117
795363 778632
896926 224952
716777 126280
213980 694129
897905 821371
902329 315736
484645 870003
793108 775142
678287 106153
669001 282912
295069 723168
663033 792602
271899 113683
204791 629884
233854 580902
410696 503410
524295 693793
865880 233136
589931 367490
339233 539037
810061 912532
69202 77435
645999 557172
851236 988357
189793 67197
461510 220388
432925 368009
653506 347576
516392 491248
406595 304244
347187 269583
624169 175998
788924 552217
214318 975154
46540 857691
529958 335804
152699 590739
213472 586537
720032 154957
668751 593168
812237 676192
191184 476975
741145 963569
736329 549383
83014 932416
792816 550636
200326 580067
11681 873199
612587 667191
163349 440888
903823 732036
270782 810858
191320 27995
644061 178349
263220 624225
934067 927449
139560 141049
378471 715242
236904 926767
348784 207076
10164 619028
638819 701358
682895 113578
709186 470665
387603 871244
549048 38446
308914 237821
232713 584021
217154 472075
769716 443037
375089 415634
273569 125769
589319 500464
818084 914834
460988 997952
553652 55681
377381 636319
735 660292
731314 776316
305806 635311
898268 849864
519593 113745
776686 921282
851454 634765
745860 51862
499069 786390
79567 235017
175127 635871
374484 148297
400845 952703
724126 813923
259058 564316
31759 831702
971910 80626
735379 820313
616483 925629
770226 792910
953808 601725
466758 358966
515262 55721
213231 291871
79557 975751
866277 33618
432643 94197
522847 425231
334891 575298
229381 543500
84526 320234
857702 853100
905702 125978
930409 429698
669293 122963
362108 615874
843700 818738
479759 548296
425968 630084
868356 625033
517582 289955
750189 3034
531634 349797
271534 50866
453158 134167
32756 976614
78257 625046
352657 626514
330350 891117
448506 568304
616987 655579
946141 628670
378482 146531
282402 761098
63388 219209
284527 5945
884482 150526
469011 891631
986359 568203
556573 56961
435056 835903
172312 893580
343622 784656
721017 625505
712188 771947
77377 904623
985003 59991
453315 106446
829247 448513
104387 917296
565264 577660
554427 203130
450652 377175
386277 56695
368227 29800
864166 49110
515372 59890
997983 259578
177464 131890
827927 318033
312361 620627
533583 313815
835729 385868
943894 646
461957 168903
497983 188685
609204 931655
971871 116044
224603 328012
209730 947962
513955 380470
76854 685765
553817 715231
501104 156887
858892 611419
997093 891505
97124 690257
855575 261615
923669 203559
419989 409555
32581 362277
234217 940210
758793 946416
931350 680560
139993 654563
70914 381172
909026 619438
200402 961549
690803 94709
628703 291105
436527 384210
888813 793952
334351 647082
38823 878206
965137 876097
811776 557987
650829 326290
624750 87499
856971 397304
378079 501311
626796 146223
414805 695705
767587 37570
203582 529192
560886 673207
770432 203832
129162 833482
428104 599685
777525 705015
207492 292202
963915 313020
9836 397403
540822 637295
956138 46600
91013 89617
443602 975279
906714 607973
720288 297981
946588 769936
619075 649563
274163 72075
378513 643217
378115 937151
487980 619971
333618 987115
270864 176250
994333 981686
32844 437466
383618 77692
389754 648230
418733 234120
464827 973282
101649 740227
688010 242334
646867 164809
67965 302675
958226 755536
50269 503528
994424 680001
17289 5123
508915 805554
545763 868216
721134 874405
376568 837627
924968 803377
247133 400442
244198 707727
29189 211640
12508 932602
698017 870577
238764 226370
574988 357548
717687 158124
245916 261821
642312 501717
136005 286419
794897 465381
201769 190749
98395 156500
770610 45544
790163 732979
999558 179649
502162 202030
159854 617341
495794 839996
923837 717652
546774 643115
831667 651946
555828 427780
459542 451711
598216 850620
195349 20862
856760 519971
660135 211876
303826 841988
790826 417099
902560 987326
710523 937022
264939 544711
602690 579435
265209 274722
118125 548701
139585 441162
509960 499132
738043 285379
453949 108294
794054 279941
945322 886214
601394 793097
320560 504315
966901 984970
383245 903952
441703 659388
493048 250417
808835 294822
969320 204404
456391 830128
965399 283101
736458 720011
439115 376033
738563 599722
70655 594273
645389 250957
992209 831406
882708 600118
822991 235506
347777 13897
591589 946407
300718 539106
107014 162317
749172 44852
908284 770087
865804 650124
182499 965646
345184 484860
219748 306320
612696 686291
749130 632126
494800 264198
911845 476092
370987 704536
897151 322140
580598 241091
284774 418000
77219 183655
462222 569819
178825 655701
708535 210652
626449 523149
564097 977601
512659 179290
444208 643677
437394 940774
434854 556110
550210 670846
246387 218435
301090 639053
635239 819300
615217 461802
121639 199763
264881 439842
50291 403039
277109 698656
347355 435399
636072 820833
155386 8315
654236 615823
45239 477316
135679 376277
30830 748828
924990 60315
959440 53097
442244 81649
681697 958915
437775 426676
90013 423190
516432 462256
848779 748605
717725 833130
4893 924901
746527 287632
156852 176898
784520 75352
350133 432052
165916 498322
987083 806277
708693 421441
799265 753162
70396 588684
626158 180359
167738 264650
879745 204759
81442 897396
670654 755842
188663 888142
873719 561107
594640 290207
979606 857346
444029 210742
726898 92597
720700 337445
653641 454713
731144 837854
523696 33526
499759 832673
620623 543544
43300 810347
373327 121462
890956 366954
160841 7727
39362 749629
428181 801007
86453 908963
723800 568286
512651 719826
534586 576234
8714 219533
806157 922551
702447 522429
190976 668747
133538 709506
775047 196170
874799 97686
833044 455206
123834 366745
526503 996432
753836 513058
699017 387026
48506 26410
784755 998811
40677 681814
205803 981152
421698 304777
167588 601917
88977 439709
27 289366
225728 9485
268886 504691
216429 633089
144096 825419
530551 915156
881165 931861
583775 743805
122508 134679
937769 170056
788556 77428
373062 723742
421986 463542
251529 194887
382589 689805
579105 865417
730772 299079
389237 138203
48078 38660
858526 434470
818310 592804
370993 199760
277572 818850
593254 673633
650728 587582
307497 924549
495185 232316
224065 851862
929725 789082
307392 275240
472276 177070
135147 806539
214900 399309
272775 373463
294150 827968
826384 250907
238867 363633
311697 78512
643829 309567
554334 973242
416469 43567
627967 163379
61515 629693
969103 339707
6766 944390
255216 164099
305666 312508
693216 941120
874299 932784
105141 844958
503367 595297
496931 825895
567413 650187
487365 665223
349578 341259
322360 811585
738261 850255
224786 32990
599900 305739
90279 438956
916395 843008
758621 520985
807305 891005
73425 34887
363391 909877
151704 130783
258603 945137
940454 964725
518845 888085
705278 754369
627137 543648
667786 621612
215202 359137
257097 682587
635196 305327
774296 837621
849730 587442
981181 944670
717057 945166
623100 929126
830496 680338
753538 901174
337192 318713
609360 941053
126333 677488
874166 160188
425382 48115
759504 258906
16377 928581
84464 286555
432986 920439
627579 440739
701208 403202
786118 588972
779259 553798
399418 538256
344093 81753
12738 767414
486505 1812
74672 208279
384952 301685
6628 684141
631434 74470
249744 409612
319032 134843
465404 858764
373954 415842
394870 734581
457194 893326
884319 335900
913765 978428
772585 833737
967822 985910
382536 104689
13080 191882
497534 743825
297962 958233
494690 534615
963872 414736
480159 502130
941080 725029
165126 42964
694311 890467
491702 884112
767959 572458
971790 210683
462057 114026
916967 435243
463516 864295
62567 296606
175662 152418
606989 451867
637446 159665
914996 659797
661218 100932
324546 532953
248934 388440
737953 102669
632860 377399
32813 93035
946005 170652
406115 9908
611727 157012
169272 878804
80032 508533
17396 513837
97010 956162
173778 825697
199238 228177
583245 523206
347827 12253
942090 292311
381001 728586
239059 232233
508470 718765
512784 72721
458444 495495
162609 452814
290297 184186
750486 963503
716262 621021
63565 703127
30938 964170
256451 474432
519862 85737
499556 244157
412399 855172
999722 266166
675757 933821
298972 438413
315256 527489
183998 19481
654017 146969
389562 343144
473087 925450
83303 902069
856748 353096
300454 652934
502542 396859
51443 998316
220788 719339
658769 139421
456258 923725
136942 35127
945911 941184
569405 612819
984675 438187
483556 36381
292974 778640
821121 962348
771129 907057
236858 468368
131476 703466
516996 152603
438914 699622
828364 734201
606123 232925
478855 348911
490975 620358
317973 206484
382739 345388
706682 566472
400573 300902
143322 229657
16578 792542
720405 552711
76253 304958
814915 258176
22879 167341
912132 375243
982974 199684
274998 328545
510575 364408
480461 721355
381686 45569
413120 494415
323758 141933
849747 822119
292374 764826
261103 384674
566423 247001
6639 357355
548161 602880
394155 284903
846722 409472
141754 446027
21243 875594
581090 885851
267106 293184
492039 79069
604179 174928
719177 872068
610260 800779
355893 288839
639755 130028
59415 56484
186555 514504
639999 344070
337102 59794
599070 201414
510651 555833
782993 619726
547648 968045
568086 753381
553394 862
265265 611181
313178 442934
422872 671422
652802 591739
617361 558536
938519 671120
329058 509942
125481 135190
958953 108992
280699 546015
331559 353650
297266 181180
755516 170693
752068 200688
228783 273705
365451 478528
210029 827862
147288 799555
47892 648598
915371 214506
872188 366411
819523 158361
860371 186877
11473 523325
142563 475226
479556 209185
376233 407380
773158 715338
597813 462492
85060 342299
53215 224491
863477 667734
288819 12674
772256 605105
353893 436865
549180 302023
603660 241244
345346 28649
7481 667064
966339 275382
304590 425284
496568 819139
357299 616327
236141 625027
614669 558026
457574 290790
260980 307044
334735 167656
444109 888023
6878 317662
216767 277144
795389 341049
187999 663260
146252 409861
248320 481299
718883 966504
36664 982081
160836 59564
212215 468096
122431 907969
915116 854457
633462 470838
424792 740342
855766 899989
395353 41077
769346 764223
620641 497
757735 210032
163575 288153
668864 202362
968734 986744
584490 409430
610538 112678
272076 484265
286474 760553
512387 785879
817223 486147
872853 620964
157227 855770
488861 644157
796574 997827
720597 515480
83299 623059
742246 547152
385884 957438
218138 74549
544567 646669
952400 642081
304728 255940
789302 561925
262435 572999
713671 437732
249562 543159
259954 969470
89497 431671
785621 137564
494173 392749
722721 293910
578711 650891
291428 550346
804893 148969
474690 622052
851192 666037
612944 938671
577278 473325
