1000
476407 732844
179012 786286
497691 217184
133293 41967
658001 387244
461126 613257
178900 934895
487922 430296
606976 763642
745766 479878
727155 188043
962089 553016
455721 476742
156133 541982
777001 351953
855728 98120
326471 873528
415346 733420
366789 408080
560434 647750
455196 788710
610281 252293
677528 469970
712444 75626
946254 129410
61228 702169
300826 570614
130237 508896
139517 71743
773582 19394
745440 710809
931214 711042
957644 63350
923411 176212
473151 958057
900772 834183
430542 258783
973687 571675
980858 912065
645051 939645
810514 939877
3557 852146
470758 590535
731850 80530
390627 727212
551184 543579
965721 73281
545002 805267
868859 285612
606168 451223
773811 856089
439238 308789
285670 281634
830832 873575
198242 645877
541992 358493
441902 21346
320532 93924
967669 512754
775348 211971
494560 805198
701247 661365
3360 176874
733985 927265
210351 997640
490296 406264
716638 439184
491612 488501
472531 328763
767359 383442
891119 112574
15688 414839
432949 82164
390347 58066
145155 199123
247261 981112
978563 331006
780862 161004
948237 799740
174975 190443
708986 67097
450458 716591
673605 18204
185154 106414
600256 188696
147997 376048
643885 257746
263175 811247
766191 549996
181059 383742
558198 476676
358784 87739
331032 284421
6894 573817
849761 26641
62167 880264
491365 160220
454044 637191
271502 872185
780462 534044
257866 462697
506985 788561
726965 848082
176147 216601
819765 110973
761818 639691
21333 169845
501855 65798
167391 391735
829568 649268
140090 570896
187040 920415
636283 523532
276297 511148
769713 111939
433342 406845
198973 785897
949073 196610
546446 53766
462042 543527
961489 246627
108638 993074
649270 93898
127138 573090
82506 198108
496155 154148
467144 571336
113999 624133
287710 959774
383974 129696
359812 561950
817909 817849
16279 170928
634678 788726
297801 303604
900970 477519
886193 222221
566555 443994
753758 854800
374582 313107
137183 43619
769343 987563
894141 689711
903949 658308
180144 678762
371766 386569
220750 125559
463091 107668
496047 961218
789989 890890
197485 688473
829560 595800
500333 885723
84527 288315
822695 945412
604287 371945
412212 511294
960220 446003
655455 143157
688798 894595
529540 694543
560424 298425
52026 270133
448249 930318
829670 143338
518355 269151
928181 902104
551196 628228
974705 981787
127815 759071
798547 610053
859013 501259
603156 784357
528914 670138
98366 504686
45634 539821
984102 70662
911945 190945
984584 580246
44689 249303
380891 291058
723711 841606
456882 513976
269671 893823
262937 715280
907802 233510
394535 574192
242991 253326
814813 947471
419152 151804
956126 544798
72547 295662
150954 442910
56796 774140
683937 734019
867006 426337
712580 424542
157200 223270
455557 853472
669276 331651
978394 73438
120665 145258
65541 823805
748754 370248
894397 484951
210319 140376
270384 964276
188282 413901
204211 266724
537395 919979
618025 177214
103621 592635
992623 34513
319782 914872
242307 191613
136015 51272
681609 906603
686867 290019
467505 191044
252003 440092
684278 300065
179020 785933
995515 301192
395168 247138
832942 642624
821623 667357
255333 973632
865330 851375
702242 258375
491123 790601
386628 34783
739631 52529
122792 25267
252244 273582
107497 383250
818598 907060
372006 667106
509328 42988
617219 642626
931437 613324
144287 497722
8210 138312
270788 823522
861508 745226
761420 674970
373788 199093
241930 64286
984163 272042
190935 275226
732727 344819
772744 127470
579930 760161
761285 932489
460149 714122
725890 981291
306833 786375
504296 918901
494744 113511
821464 162150
659849 98543
780870 730582
958218 474587
676751 89238
275792 387253
620683 202696
51600 869365
434883 38244
722061 345527
307144 216683
311556 497205
376836 57451
912892 77411
100616 463403
818746 166231
669632 353397
861375 823998
748652 551445
158178 714646
7752 785152
557697 866679
386524 3383
873948 831598
618131 44373
737648 107010
42529 782220
689267 335696
50774 319848
444752 690699
67884 857405
13041 26196
90847 904749
61366 994346
975362 838852
138380 103603
505683 122
957359 406288
199429 90330
874026 6098
754496 708269
676719 896624
566571 530937
883393 136194
705335 806677
614742 537824
342846 649894
694757 175572
558209 787936
246196 366628
119337 16422
856899 589763
194419 936712
821352 129707
986093 908000
507671 811094
709412 572626
184608 410316
679522 594164
306685 249562
516602 865956
77383 864728
986517 579438
715070 727286
885964 77418
427965 519496
572335 362208
595545 850951
824191 641877
730413 737610
43831 915164
752015 208202
289593 574535
327698 79258
357729 306003
904742 174075
595295 907427
392829 521533
497765 372463
125896 136541
134941 99810
14168 961333
900815 266982
191620 273419
664081 717752
130754 457879
262204 629664
893740 125863
42055 360231
332597 481949
238000 495736
252376 611173
158322 490885
427099 746965
677375 126356
740711 456501
38038 293117
908437 171458
485495 560557
451296 8558
146615 757868
882469 930710
933854 761323
70436 926390
948857 166058
25884 371750
447965 126484
67616 533940
859479 403906
607725 697160
227919 126854
561687 612260
959060 415770
665709 480826
445264 917115
651478 681672
993170 741713
200825 795887
917542 143543
425856 909001
948378 47791
911209 292153
264197 653615
142330 269839
517441 293442
791912 578883
872645 362688
535971 313289
850829 237773
949685 165549
229107 73517
548249 193700
245147 236412
636441 430633
717647 148104
858504 595681
870259 97673
935515 877220
825380 929290
507191 737734
816222 345615
885883 658984
186230 500000
753521 303741
838004 180992
153223 249118
977584 173679
154568 516398
375014 572721
736671 340913
825601 682618
478080 484412
533460 851950
143748 3835
53380 477529
90343 483074
519706 209610
51776 234391
400279 596102
132923 786234
41858 460880
453876 753033
223272 436348
302160 184069
231825 745067
996700 517742
798972 312397
529877 339454
125861 213496
869711 722662
925212 685381
858590 113035
764623 571988
457394 597110
60368 935818
197153 653949
14409 151135
454050 132172
501946 387734
410651 17977
512919 712442
612117 8703
307888 846674
349433 834624
829688 303972
880859 635857
713963 664017
190737 340441
45924 229230
22162 156224
739270 169267
282294 885911
898323 743684
412472 750067
789419 470936
811882 791688
533664 619377
681755 268914
922782 420186
459004 521049
949333 154109
669876 100841
396816 493774
197094 144385
254977 582201
497202 635408
847546 949222
134248 78768
240786 972976
251912 100123
651234 246219
685356 466301
332245 860045
855529 555327
374126 875391
12020 745871
759497 761978
90746 878987
854198 301446
281297 654031
908455 354412
64500 679468
545503 845375
971072 440012
441170 144487
613038 874809
388444 656132
526263 711689
757404 587686
660030 473138
267167 792095
263874 486401
465758 296628
937501 815019
487756 762343
532970 251122
663792 842628
269999 161829
728772 565967
116806 971997
389528 877092
867114 683698
210023 750189
906202 475660
779778 949511
938378 824971
330237 306809
571968 228673
273198 972748
554819 483489
662535 115239
288679 344635
20242 82576
182833 805721
458501 408337
781659 164917
489767 393137
338037 837633
459090 96851
129332 730638
442337 759691
621902 465881
724485 552466
590309 553045
207121 861913
448120 419073
383088 949684
246013 690081
253175 402594
89051 523556
871252 158080
815103 68665
462282 848538
40208 702271
974767 213931
550083 289369
75263 938342
162886 5804
67157 528392
891350 430943
987887 323043
368286 129593
713886 402880
384026 438302
894565 663410
32252 3862
570071 620842
918239 714335
72460 582165
891024 840269
456911 104062
726096 335421
65851 147329
523199 792780
570680 657923
863081 42093
184166 536185
512569 16949
883117 101407
161284 275432
88063 228822
121031 316943
171387 203352
171832 627277
967960 670110
229106 624344
80972 914892
638850 59985
101295 166832
169909 287691
936109 827250
266361 881954
580049 193089
357816 906176
180571 216087
666312 704388
602777 325033
969431 893661
726553 21909
235302 725161
725757 686308
482588 986841
957515 45166
579933 291179
342019 600140
653660 343708
618056 167906
511528 223776
393780 289625
128328 663237
170905 573180
26865 203187
341537 145405
703582 888882
425593 384603
526910 839290
436228 328638
185741 335971
864732 727436
476752 414406
151891 888608
627013 493374
552696 250384
994638 553844
541311 738411
74971 517616
566845 702215
86587 616388
957152 105766
968365 210261
117271 186972
717470 891488
709271 161427
520657 300814
882981 257002
537056 699977
608043 933404
552251 205894
393836 26442
871933 539023
288494 327087
775994 230679
155140 59044
497091 776569
289362 451824
415818 617559
804318 276610
165969 737378
505014 750842
848323 312533
19873 491983
903025 727809
311392 556695
489491 110123
800042 625181
253160 504422
597702 531336
508194 117395
272028 859780
542857 498149
112919 20255
875297 881503
239439 58623
596367 314520
831820 453132
133975 871539
418549 534026
761228 323319
118932 672022
178873 445479
583975 647350
875674 753973
498400 31018
792533 139657
295657 889651
264547 367936
289160 643474
667976 744062
158276 919290
835924 830488
226808 496556
959328 21382
521301 24991
749452 764778
105249 849520
923681 110121
195632 752011
767238 973597
124365 689711
673907 195612
511857 238885
545867 319099
708554 424821
908036 592113
582788 499296
226608 39260
40314 89784
522935 785826
298072 838569
432239 586945
721556 746763
283054 273625
207293 896360
475844 168450
929963 73621
208394 895627
250021 393465
252368 789424
369816 353555
365250 479748
472600 527473
39595 885945
562463 64360
908082 840711
124074 816909
765285 740373
453304 807141
729862 647150
354795 62424
34252 414447
188833 935592
116257 488094
794762 256911
823731 861135
404118 596424
141099 222240
475946 475282
587265 318242
379007 739746
395201 674220
175119 348102
18378 802877
716693 578013
387280 59112
828020 78706
692814 87799
316490 402245
950642 385686
249972 869626
500674 221994
339847 781846
866650 491386
694329 335623
561703 517706
755072 160077
829805 590802
204794 677398
480204 278579
741502 557917
442466 813113
756047 784088
983769 465822
367237 212633
245170 118239
258829 339136
966775 114890
620083 364372
325476 245060
95023 353343
360680 245754
362444 142698
605882 555759
511915 585213
676490 405873
526330 296383
65053 132377
401656 617671
888632 757846
446542 260837
126488 894123
997636 535871
657393 577140
539757 821871
898705 701940
967532 618688
59712 289551
567731 109374
938189 739073
36921 855393
14851 457548
432039 552870
385701 538404
407756 327795
285031 152083
523724 345489
187153 754017
335478 95006
320625 324181
131273 487166
163499 356015
547869 566605
574322 801029
39110 22347
821399 629449
473217 840342
805200 672141
219814 796572
332048 247984
442952 495526
197961 416003
861163 244484
136269 261833
386146 994298
62295 933183
892277 611568
390607 446434
52315 599262
843290 837581
693413 163577
325319 256063
513333 389142
663035 986944
542200 373819
514350 436346
790386 511992
687358 60283
397724 115707
37153 615736
863704 164853
418525 125229
950490 584756
206303 741302
456344 418975
865324 81615
393935 213414
690504 365936
898366 721204
797859 863721
989168 338124
439446 352997
987293 545113
555271 380278
674863 675783
564140 306381
30043 416268
7419 320276
42012 640847
568642 37483
644212 199615
356792 118923
702545 851523
513279 927875
293352 677676
650955 464750
577187 385030
105304 655435
352835 374169
758983 615348
56490 958755
521589 213083
651525 190627
118226 187638
297842 138844
25644 463776
188402 336267
757347 701762
205891 953648
931138 151265
986768 143593
756065 597378
572490 516388
387569 917971
130426 779731
668342 553167
75446 138847
298833 584881
249067 177379
174698 287198
886646 535582
30199 959353
134874 205306
8897 79092
864022 804466
467009 171787
706228 583462
154938 279305
113809 627978
395393 61472
512447 675800
987889 509755
468924 525988
172344 563900
254301 959403
284396 73500
322431 744930
864040 913965
995824 479791
827161 988309
910576 985666
5110 81352
889412 5851
902793 58450
526091 8345
596684 500146
226405 874167
949269 891820
551171 605577
104937 544812
373030 59473
345463 474857
219105 966439
544779 658028
34958 431935
522035 572327
210759 949964
38453 474586
465864 142365
150101 190877
471181 235093
225946 798763
554820 415959
327046 985087
254796 968221
654859 410268
534463 474051
847937 83025
806185 978179
161725 530071
947962 758237
829615 971367
598028 729135
119440 864501
224389 380638
40168 180107
964527 264923
814253 873898
252523 763900
945782 438485
871658 25824
873211 459983
128954 211508
30399 102917
202009 367946
976865 538756
652572 342862
571517 956785
873547 648141
991086 6595
207601 247733
544609 923284
343032 225587
963783 792127
295517 19431
684795 718315
631426 384695
431229 506563
631427 651872
154051 3615
469151 315668
366894 41683
311734 321502
955546 142730
603950 658562
456329 440227
910066 907518
55928 665418
323972 640905
365892 840726
468692 325330
143647 956130
381454 132373
901848 732856
688452 758935
650043 823718
4946 780886
778985 841331
60008 772005
367084 384319
311955 448023
514122 168364
90562 43690
399019 607682
782992 665188
559507 751694
593698 753472
908977 407879
563192 310271
224134 293413
903442 163461
229782 865823
94731 202123
856784 574721
756060 903719
709639 734095
242604 20293
121603 307709
330268 633429
962219 30428
197141 155270
60677 875538
679971 407054
418619 808470
936786 458682
842291 260421
826658 910163
459701 633358
393928 273827
131821 588114
758912 498563
335173 552717
243320 452690
950357 531179
745886 966322
862270 229161
500343 103188
80982 957043
982378 186107
889149 268550
799127 816223
615493 659924
211711 588701
301372 747376
934708 713609
238220 500087
730971 570959
477401 46988
693510 1713
805608 760901
374257 833745
520028 880530
164 54196
183611 931620
