5000
276429 177657
632702 294294
511829 884766
792128 687006
4146 514715
638280 784949
395935 948914
367089 314264
568105 48975
433675 259965
338619 207511
726669 763885
698172 697365
829410 9302
426257 991808
136839 268735
362331 909732
687134 315293
148012 112099
877244 531400
116224 127193
672608 272479
441608 582782
930871 395833
592800 24411
143796 534916
274639 263787
444978 598916
951184 535709
155867 357685
138159 216846
425503 472503
597873 64144
741784 109261
392513 955167
730255 133658
595210 189520
476915 197109
389333 690213
59888 159287
629439 862728
15510 976248
464651 379557
610840 188491
264775 193461
3953 224319
847781 985114
556194 216660
818112 277248
164944 189726
581396 779225
920242 461318
250802 910602
861895 236193
475818 840620
639644 991097
708378 890243
406118 635855
594074 771603
509043 499111
374709 239044
621928 778683
256924 491098
36381 855115
152406 996260
526049 654146
922159 688079
746837 842434
935800 223356
735579 853588
643521 477449
139561 425414
35695 348783
583972 638440
137892 415609
939626 900304
563051 831286
194036 816936
758123 585578
990886 673247
81771 397969
992229 526635
970536 911136
20283 354347
898257 333874
446410 935119
125493 595751
236453 264713
773111 793032
189817 517581
393708 122485
717712 883072
341910 407887
184500 202407
312606 316084
433940 448259
906428 892686
371126 179197
561627 493121
492733 464021
993084 989012
936054 393922
107482 344949
344981 810179
597104 901769
908438 987345
163151 240651
385008 675160
544054 331411
592374 532551
438208 504638
919735 701281
577731 158763
246906 643734
285586 196404
705853 410379
51750 938060
540273 835547
769915 530592
536994 909793
672239 187353
951373 92961
972641 332531
400281 303059
783226 784140
832393 876589
56287 614404
86860 441386
534271 994421
11073 337967
863934 354983
434912 333171
225587 564377
640588 721669
304696 414241
462730 10004
484692 462994
120483 309010
99666 204675
882645 145868
633630 114439
394490 991365
6309 101160
636933 152635
432147 184303
804449 617409
727614 638360
460514 823677
941068 458165
977929 293488
61746 630632
768577 636367
455509 536729
484486 887836
14155 407279
377457 735025
848288 569954
12509 3317
221202 751390
70717 997459
173621 546374
437400 875485
34471 322475
357801 353913
851373 321064
866564 270891
879539 342204
581590 265695
920016 413185
735156 264591
490110 405253
56747 65355
910795 317398
596897 734446
210531 367886
156428 623834
273301 291179
96818 838065
183433 106588
7156 443134
794903 763911
236783 120703
999530 399941
589739 858290
125508 853165
921914 893640
221111 736935
349295 943975
414699 717543
727351 439876
695613 165590
800641 937829
194791 462611
112693 178180
842496 299122
55507 538869
961692 883736
249100 275931
785482 870810
932374 154596
1884 417344
575261 473343
405451 807102
426596 257508
842435 963042
285704 220644
366967 98066
639741 186633
119643 90251
476388 932435
221795 142080
277015 165802
439121 566746
127383 801763
616499 672175
292980 159734
719265 916316
813079 878939
46667 234474
374327 467654
343731 331985
452411 592717
14716 665218
7645 695147
578669 513439
453572 633698
14477 401947
738412 963114
76601 328318
365800 639064
805571 291618
734003 565293
517599 580375
714712 956085
393211 17728
277469 253777
461566 660798
410197 733662
80146 356962
826929 1303
387513 334055
887338 671882
74565 946090
974875 626017
326226 29212
40361 141823
489665 329949
58594 334383
871584 839211
103193 79876
980183 392292
594985 986163
729628 874587
737088 214458
576433 563813
914248 551560
319777 100241
492047 884501
351395 884092
566321 944258
708779 468329
615292 165524
913903 596385
72730 826719
789794 327397
324395 313694
268063 611364
677073 414047
658352 773820
596066 572930
721883 190341
601090 72516
332732 510916
992020 156185
195915 438617
676663 396071
346795 108644
498819 729584
841572 119628
740711 871847
528221 864980
114328 35737
17052 658770
416464 608971
654448 80429
295574 917673
824184 130505
455096 351224
744878 388823
172286 171716
307118 363037
530485 522490
928593 687110
989160 840019
722286 288818
566757 791402
541136 914361
844534 792520
813805 913866
142878 753609
23449 150577
885583 486774
935705 666065
759067 952023
797406 303159
202632 810691
641040 135926
480510 433511
893463 256674
698189 808741
476065 85578
873756 463660
200307 963664
369634 297276
600363 745747
877613 58606
744191 21176
623603 832806
431291 284036
280108 202029
150430 53167
683137 906208
560167 253741
540267 487043
59465 137331
841079 831517
512046 495296
707251 757605
160278 610843
32044 826855
106047 623949
322392 41458
609323 515976
658660 605573
705081 679696
878494 178873
526311 984046
229795 520533
908579 505454
99240 364790
785456 704645
497445 841670
73428 657848
433297 772850
958800 251588
889993 835217
566120 268780
312078 124217
748678 726777
518270 963889
326352 225750
684248 6054
594395 401114
4364 683651
569508 357904
451842 629492
436579 57256
782830 184597
53140 671099
41049 192214
386672 67177
60084 280076
272742 343424
560308 4955
774729 10096
284433 262575
747008 588824
887437 921315
458122 876507
24940 873226
633903 593242
855299 881149
846361 835867
258816 684757
851090 409025
158709 849574
390031 112505
876272 595676
802832 51102
753954 900318
690484 626693
697601 149424
781764 899155
462392 315492
684910 51298
316356 15477
751484 715216
522098 179093
882544 911913
220244 691235
687333 486351
177682 914185
203989 4264
295247 555491
595230 101378
974379 901758
179856 602684
411581 194417
131313 478549
770714 974424
684958 514076
8037 111583
581097 46108
728707 24599
779994 97523
900351 337105
667585 746668
27194 777306
605750 76394
605655 18034
768666 149351
568766 709385
850273 915536
144659 326310
466707 797736
55452 945251
784568 490289
422121 722076
712197 732766
760875 147524
850849 783338
429839 839444
15580 334942
864534 599120
287299 503084
114950 260335
885828 222577
901888 350235
900226 946208
822219 290686
692678 778423
108266 612696
236903 343925
917347 241104
552178 28382
265841 314084
414583 204445
783770 144928
776455 175095
913211 240507
208284 876580
373198 296138
177843 79066
416791 896991
846461 608910
925711 973607
771055 645302
522093 630501
13986 411979
846953 849150
309742 400895
230563 602257
810000 927107
144955 769655
375049 312730
500370 475721
943258 377100
297663 710185
529605 983866
880539 767675
689136 128941
393607 452935
8218 666444
7207 828373
475868 946557
862956 509231
996627 576852
534354 25433
8517 555503
295805 214400
664421 884432
741065 812249
929502 233956
223102 151134
195290 714848
612712 754552
369826 906556
459784 869407
511119 421439
914767 471012
658482 217415
592731 219802
58822 915898
280853 143207
719867 449989
538647 70138
882377 575610
909293 126756
302801 815179
16815 466787
509744 750849
937673 172034
350779 484441
55560 16570
946955 888146
763557 350545
226614 426705
34767 979263
321276 59505
517360 883423
404311 296163
620068 443941
518704 30251
560861 635120
215646 514827
916725 117009
329701 291618
942397 244195
759385 860202
300957 818110
566138 316239
72291 617372
501594 872445
541236 294798
643561 845785
607615 681044
971350 842135
817964 156734
245314 823126
405873 414093
288212 596357
959353 730311
616391 313227
779916 50900
884054 769700
32568 517167
737665 654943
471718 38355
895712 75132
841807 755511
41888 744541
253718 617789
47822 361150
132958 422270
982316 75826
62907 815506
352032 499914
506260 146019
790584 295557
874268 352707
58524 667585
271066 163028
864444 46815
749299 315212
571844 105119
126622 661019
541078 466055
771916 120415
973511 252291
728379 992778
693451 848543
371365 857291
435647 211359
179985 910704
488650 672723
838797 311460
311039 509071
976480 720595
200892 714652
853634 865180
140609 514872
40979 47493
197631 343317
693 556616
20360 724546
640355 746065
454962 868069
90010 786594
568052 923385
422188 624315
486536 348170
648701 789976
573776 313764
540473 439495
963152 217317
287164 772444
689400 598567
76817 439806
2325 416034
180660 428969
807593 504466
802953 331592
19678 102823
553288 365360
590932 999671
976187 142616
266704 538689
123440 333907
85388 561379
822386 645293
548035 778381
381851 37367
521385 783328
748530 533942
168256 757951
310691 191046
280030 882820
801424 648443
72078 826879
878022 154848
350460 352511
849853 287169
104484 193338
590714 734961
34039 563296
914510 500837
168942 168248
250840 51815
598239 144718
294747 795236
39162 121475
881520 191700
133185 606504
70011 734057
154507 402414
162773 100721
519597 384484
489384 717299
247303 534870
994578 21216
815804 377130
665662 990017
804549 672748
146120 267754
784410 890276
409063 158108
585159 857887
929561 235311
478057 32241
974507 671049
524010 522086
402528 889697
596414 328580
855701 988257
963419 611073
939571 341487
967792 389956
248512 897679
46439 851255
137983 145504
872040 348046
18688 388504
225843 459707
843170 804881
346788 21980
135282 768757
121668 436943
512448 388281
316675 135873
534875 429138
46028 65542
696908 384168
275477 938986
616445 478796
21099 196007
276380 956330
688623 659860
288874 871758
183414 607511
697839 972551
262654 668446
817573 42348
703907 139982
982363 503761
310765 188531
690277 335034
696385 955674
516548 421263
499756 469139
920936 713647
614620 817367
976406 650313
394860 517397
494912 513111
327255 671347
479328 689724
865093 130108
667086 851863
199571 982600
536972 830596
541000 814564
495894 112554
117195 121212
91137 254467
587681 275957
907913 525723
77010 697597
334010 770433
938927 83657
185567 934302
491746 69123
724441 391335
279607 914519
966222 334385
818971 859820
782077 880877
575819 328584
862562 872026
886363 637040
486610 981485
525444 357097
506659 959458
465711 455142
896245 898437
564768 976508
653314 486835
783190 787180
494077 769549
216180 879962
113460 856478
425290 575059
87543 44228
464832 492244
420115 820510
705834 154551
535424 416645
245243 71699
693634 924375
726239 389605
193909 228350
524115 589737
870703 969653
695045 712750
348214 83012
671410 182414
669835 274741
161731 491625
91946 980978
181239 561328
929839 866009
995142 374952
924016 104084
907315 724731
745121 901067
236284 961985
566122 727298
159733 829028
791629 580800
928381 279399
899342 383950
801497 813863
372147 595900
311543 925779
906525 503836
300832 991797
645034 690415
131180 7262
797773 528373
419122 924832
248676 234595
528951 341217
210533 159642
562642 255415
319646 246289
226212 74158
382609 47374
367555 126858
498337 770955
155175 569620
788453 189430
195212 30170
801011 300413
195148 911458
637433 668796
717358 936221
952692 614880
871867 802836
734725 16690
164867 298352
844165 236538
797541 428365
387051 859095
173547 497027
216929 662315
566754 113508
680725 680259
740382 58544
204764 603055
782107 943303
199664 485130
832777 105108
973294 934256
802780 516659
619809 402869
723712 374501
208348 292941
283143 292137
14944 550134
464544 481041
357030 520788
791119 353152
826932 384934
785421 824966
30644 664542
549409 765339
884219 445660
449380 288286
349612 451600
258759 257348
167503 829292
414453 588294
759133 780329
728022 595345
427220 999129
828243 948743
363142 712805
893400 748315
617407 741952
145144 969201
523348 507826
789341 199059
100761 781739
403360 438200
158099 330383
63410 584760
190566 601835
917354 594920
121910 964889
60719 938324
270719 190164
508930 851207
400541 507899
119920 943223
477050 158246
180157 118727
221979 88374
156426 956496
7249 889963
764899 487291
798907 378688
976079 33281
558481 538732
835269 971757
426663 471531
944526 653620
674886 524385
301575 308593
164392 783094
260301 459013
893765 104106
860446 183237
99384 384125
950659 416443
618885 154026
360377 44512
211073 938611
192768 501272
86028 392175
176808 384348
931982 252872
126627 730641
781031 964834
180149 515333
480975 572621
231795 582615
999406 313118
836258 215737
794706 43859
252624 396621
623352 399482
260949 894075
924818 348182
706150 545043
22608 796930
597410 586210
214557 973543
492210 50389
237452 619446
315829 34280
586513 913341
226955 946748
444197 691111
153702 80731
42802 688671
186195 596855
753467 535212
54467 596394
290638 292734
914977 826198
552482 452259
241122 16713
555523 888993
452194 83141
911511 835696
89405 493962
860315 31584
782012 380652
473225 258866
284362 936962
294017 831221
281412 612599
416623 116178
827424 775668
503609 210491
69294 32738
881851 720205
293883 610329
576616 918922
701123 967180
550168 398204
769 969594
921887 930519
257297 485304
319165 490861
232205 643599
41639 655054
374994 218587
339941 176823
518458 290447
803023 168798
973035 280764
183798 905983
923835 740018
535145 193418
641403 356094
512075 248221
416413 574053
975552 881387
616659 535429
13331 117935
356062 124468
894987 51722
427222 308842
849246 773089
165140 190541
765471 851814
738147 59409
503591 348699
120950 71330
691982 63258
326107 874624
401825 600905
19668 90613
267583 38049
260282 945094
994106 453017
685340 613121
619680 147055
43917 334801
92218 420144
86126 57298
202177 937013
318869 479618
930935 800794
832843 371771
28570 380989
331794 223354
214224 778970
946746 214073
855187 811714
664979 114223
931488 516408
744938 77794
161372 258378
625142 498085
484711 478353
592841 269264
625489 518117
215133 39489
512462 340233
437568 713575
170413 97936
618352 829313
603196 272534
805461 460419
940193 175221
99092 831876
794035 80238
379288 769074
366019 846617
981670 817138
960280 44967
387252 272302
963269 571029
313343 33774
872292 926911
419828 371820
222469 921677
220180 329896
669633 881888
488901 527047
263506 127071
683628 696351
358672 973816
283739 931670
776913 522155
70417 838306
903064 527135
240653 765557
256466 950588
340639 645916
555990 611298
654653 360249
145655 411809
701834 456461
136881 721121
827147 76173
786044 485134
143372 403540
470944 608082
433889 271628
596803 746592
263237 423471
511998 860067
512458 681337
416910 876016
91752 142070
196125 811042
281097 702534
421907 775911
585502 352714
908034 388479
938390 341591
769988 915722
468000 173007
117448 638538
333360 748409
981266 591638
245942 157111
320121 866839
159156 936554
708668 392071
751692 161142
693295 993606
931787 146558
133026 837680
162879 6140
64878 535809
938602 305346
465447 22746
374052 805339
934497 216469
362490 93803
894814 365330
37509 764897
62940 502791
938334 649333
414974 572262
133464 325022
725397 505780
971723 88510
168699 84336
478176 985237
230736 551846
47629 330097
605845 633045
929627 812867
352287 814168
187936 790346
583570 894167
174984 462007
163542 982529
803122 510763
764089 935289
286818 252365
123378 246564
723430 318826
693494 837255
853737 173091
718331 646899
755613 580602
949963 465661
60264 49802
865200 594196
834803 930197
375474 739057
989529 335631
804706 53355
415128 821870
68303 125694
710179 917951
811512 517348
806914 101802
991912 753095
835257 772940
165953 649191
88285 502798
109106 260617
460291 305037
583399 277355
631919 419271
268376 552081
720078 11247
633828 350511
240514 230618
789427 871524
998795 554867
893707 447899
334605 19900
421045 144123
319202 955365
685917 172710
653984 106899
870550 576181
925460 104078
819589 402537
482970 153628
159690 559764
837959 888259
660344 176467
702820 805467
304721 541475
640985 736642
381830 338493
681554 633977
782489 921994
285642 751410
890100 310999
707934 496402
102296 885218
757679 906693
860967 871029
927708 845354
463113 572317
409605 428814
821380 508295
956156 522978
14133 137262
244604 174720
595117 92664
898702 681388
545528 594510
686726 66850
294449 122657
154391 326563
217176 942383
450443 508295
759691 539005
313618 979812
652962 3226
75422 110667
134131 118634
249742 425279
102157 943288
718258 154940
366572 409017
442126 612986
541248 788708
794556 557740
652755 376617
36649 249601
482820 573294
658551 190149
499049 56668
81178 242114
89406 982046
349508 552832
449036 912967
870447 310359
942530 946827
676353 265630
999513 101434
122387 515511
568140 197081
747650 133648
396246 516459
965387 185815
999015 726
43364 318718
559016 855488
237046 802839
782143 446187
463939 404421
624435 854982
144151 637879
969536 710610
804840 701151
733167 276393
544682 177247
449845 910350
821606 829699
909819 760905
85276 213939
103969 946502
135012 500910
991851 41269
482327 61702
894945 806250
906991 506534
480214 887591
577089 334645
807152 943807
325454 346174
793912 88301
114181 289353
796067 207453
402248 559903
716624 767725
600096 714835
185026 675491
345881 807924
746754 405312
379321 895788
771372 344579
550849 816099
132151 809733
917438 229466
848034 210989
497153 377787
657183 942240
930440 989051
352198 846862
794079 912558
117887 801710
535699 836759
258228 515496
115616 994926
594278 53433
999654 712405
814035 715459
570119 160178
533471 689311
712064 56040
987578 561218
323181 466875
309846 830430
22233 647879
40762 621284
456895 29710
485148 546005
143921 616423
677813 305452
594050 390803
581803 368693
417170 444970
287903 175190
361844 428980
259268 198639
234244 621893
748192 161994
524792 287958
962659 652621
594598 653392
474208 756332
259638 912219
912627 794003
209697 832985
333580 501626
707382 435854
77358 523257
978425 240921
148850 957155
911233 57934
721862 570069
631908 497711
804285 836251
126444 824810
774611 107419
964713 826909
859031 832740
257115 974210
430695 793395
95445 380772
338506 3303
305212 743679
964153 9774
569466 202482
404479 15782
22230 884119
457604 980283
563782 19562
18564 602788
953351 343290
18499 175463
946702 326430
285280 137727
81710 922422
450424 755386
17638 25427
452043 742076
590218 725643
379737 533424
347031 292798
366985 126457
269226 277550
209465 354714
388072 34353
219837 568298
949404 580946
214583 465491
445849 720691
131212 107689
614090 505820
635522 948499
837435 865916
297085 217264
483737 56948
552168 607290
50232 136110
672651 272482
701804 338367
64313 553749
532269 479816
904805 641938
867325 669764
218845 60592
635307 284520
487481 795767
696075 906449
149224 657477
28794 87950
542509 809024
465468 63284
8782 868856
192570 65849
634644 707267
402361 583918
386920 716416
542216 541973
811367 878105
741984 834234
298309 707300
973149 66399
65046 502103
554915 856767
347379 880877
949420 941367
617984 882971
31390 309874
684927 668306
21496 749132
699647 455391
713964 988176
886124 331435
279925 259952
96855 202569
434486 758213
814849 995562
757227 367835
786069 228314
107209 249715
557966 905657
848302 315920
406414 350781
927077 588167
783950 681175
134674 389146
393451 765479
79327 99578
221446 638401
744301 785649
528367 470118
972738 913555
536305 649881
74359 46051
27034 689829
945982 907232
352190 682082
938652 978703
640029 908754
23675 86353
965050 513575
629516 842982
838065 560106
268926 496779
639938 149306
355240 522192
24994 786834
744882 732936
358417 155787
810936 800092
240287 712987
589259 24791
176823 838781
577564 490852
20669 872363
340361 819924
108965 231209
100296 452105
640014 135575
366479 637268
544488 164092
214710 659980
187326 297527
558536 451819
449538 377680
508865 384052
765042 417603
46835 363764
779375 908301
831220 473784
78222 748348
433953 237682
187429 802157
35824 901633
786835 214812
23951 32607
965803 363805
856201 908075
419635 886017
341598 744900
853300 393412
357950 944394
573605 284681
800956 810517
426394 937305
180776 443311
76409 36451
73696 417461
541980 905568
239503 627565
856204 805911
851481 669838
574611 847609
612456 271033
810047 532171
808037 993008
942180 255367
918251 330914
785312 71397
75615 378977
627418 250430
344650 785691
895306 208748
303817 226977
596877 849267
105627 814314
359587 145792
355579 322651
895442 357090
925395 662599
950963 774380
74544 53151
593790 683705
767361 286469
835480 979021
9399 33450
999904 294233
869848 55285
656090 892181
505229 202724
144999 39044
850811 963690
12698 124626
736716 244749
448401 719374
395018 989263
255495 341871
822144 128691
733909 283911
186832 167753
144390 380663
698072 457482
744873 204803
415002 360714
212926 786422
623081 658531
774691 466962
356914 783
512984 710756
820307 153181
766711 817479
116106 547854
160299 465342
919470 354077
323644 175947
434317 627623
533606 454758
1947 547093
574066 210980
47922 918108
904331 127567
581744 119551
115175 48257
612637 129228
847454 790177
717250 474457
514231 843557
66220 74958
813882 290061
641277 865886
592834 57375
438054 284383
729031 405268
40353 863594
354245 221207
635522 19700
268265 163256
989157 96263
349676 638777
854247 829712
524956 381427
166469 351902
572489 601737
952085 818808
449610 452144
812472 392062
390224 372037
528406 979910
234083 631723
302553 417049
30344 959147
892169 107210
251890 800825
112543 541822
995237 297659
391301 164667
210403 118556
385517 442899
493775 55665
155781 916053
601753 433246
387610 755294
848642 625780
974063 720848
909748 766957
801732 719134
633292 791307
814619 897744
238605 376864
908378 668983
867247 242722
33386 913416
186190 188510
333279 204856
536095 887533
741551 292787
300538 349891
288902 361837
314926 955511
889025 900648
582381 600480
351404 388700
654682 482720
230442 101837
240409 105635
988722 735531
465076 952822
652711 963619
880457 290582
609632 9256
648690 669829
931049 20391
787128 566807
288425 586774
801499 496434
787683 843299
318049 912141
186848 896908
174623 78581
384992 658377
921759 978079
516582 833604
255985 602364
796708 649307
190515 879231
308716 922911
463934 473527
495005 305512
443690 379958
657545 341531
408490 811038
254008 348934
726912 56975
257401 250386
663573 775471
245501 83105
72524 221687
853725 468955
346467 645993
970848 476870
319241 27598
756337 418949
390277 352944
160028 882929
729896 956035
188167 627989
70158 248755
419520 859802
485982 18516
199581 4088
133513 866605
450427 316014
484385 68481
302957 543269
880581 881244
150768 856106
985706 465294
380371 801612
796886 449240
329411 345961
17226 708384
771004 155555
242110 131736
412876 452061
547691 727772
535698 78973
493995 864541
249164 825198
929235 98850
196299 615601
179504 85640
849749 488980
235161 71927
305170 185450
952390 850044
286433 489955
829100 634725
294580 572117
372910 189591
364980 728638
383119 414031
780970 224123
83392 162264
747904 866583
296335 237776
500502 111488
901120 211314
411651 499766
852314 487057
868464 356308
706120 616300
178048 70926
2795 20181
140577 351549
414432 289677
163062 984395
612245 601026
871238 447367
450286 830721
744584 566140
989640 376626
870101 545848
852395 3707
63558 178162
916281 754974
83764 128983
244362 967357
990710 698320
275125 425792
250894 40864
491555 733672
570909 957985
828061 907250
44893 629273
248194 805716
791066 577204
740591 276108
728644 184793
101131 277959
605185 714120
882454 531206
550728 299344
995993 292131
306609 71932
375080 820403
578758 52065
250519 41108
583408 604865
126413 793291
954052 626440
198244 900482
741961 414540
74565 15350
552767 642049
279648 846736
614450 512863
34974 342292
973858 879519
260363 115302
108031 947397
180539 769188
129428 827903
754829 828622
551942 740707
80634 689089
406595 387050
808110 636595
811103 945004
647689 495689
944664 482861
75668 61757
672284 516544
801196 28331
506487 833720
915328 224255
341648 370197
890810 934754
49675 413812
960810 662554
349493 502905
898862 156153
809105 653045
977143 102082
975592 336391
754522 537613
356603 197808
47177 741244
330347 384074
587448 332364
572249 616304
13890 690445
206863 301386
581014 386132
429878 170343
754844 461187
739909 535611
614406 830553
163806 794644
69438 575568
173700 35371
946678 966990
662933 291598
13605 684787
75579 52907
873706 575636
534083 53818
695267 583908
391383 638664
702653 995998
173526 856560
608715 285674
887234 971534
626079 273953
832414 537571
189763 588416
690938 436232
233533 395809
82279 16174
622380 901982
626100 903845
96274 649584
604223 292474
429090 184366
531189 474148
970797 571438
43476 883993
190295 671812
19835 302507
340635 812178
100845 251164
585639 22295
674325 818919
999131 412579
881998 426968
805033 868049
93194 680203
660530 732713
493573 449823
907716 756885
892429 99794
675070 688083
318182 114359
553408 202461
573184 996847
999595 488535
118349 874056
771335 50990
745048 563811
583496 963524
846948 457789
155469 174568
84968 310097
370827 270257
986927 88080
971850 265807
280254 509873
721212 878338
551447 537691
916656 621459
272745 235768
373210 317098
601877 724990
48202 346848
207066 151148
543779 409530
755507 367372
110267 189764
137241 144416
957660 880581
697395 777194
731782 242516
824381 325169
456287 546437
251347 356251
795111 243597
794805 139559
689062 713065
925291 362784
656621 428177
470297 11509
305310 332920
220302 835159
622598 142861
204600 257455
198126 389350
587977 85234
998582 206767
573551 613276
961224 642913
582253 9534
253929 151340
975387 727440
697610 689494
668752 121051
275384 112994
919892 604499
523648 57536
985021 428487
761061 36776
430683 909522
839961 225466
326406 707635
300132 1258
701336 159864
438238 154010
949894 976561
241863 40984
475359 582632
493541 649819
874607 134174
739965 693788
540708 765729
304302 307586
219476 806276
397430 706166
746916 130114
715177 14979
884583 923491
740156 925992
630577 405197
629064 197705
934868 411818
213309 614462
212011 380798
75065 158546
936272 608619
669693 618792
631310 806827
705935 963816
891832 109938
358268 424020
955477 357118
818976 115175
560464 479953
835001 828162
18538 388568
886832 279902
440407 629605
369406 509673
964514 133305
178423 216257
737396 630763
67957 572737
836331 356607
503112 961017
871067 611500
555199 43737
287052 173041
549878 636879
701377 672257
356963 40847
337704 154959
841726 950459
53383 591705
30329 334473
530705 946180
161074 563228
79120 200374
234218 260159
155218 609015
519971 830050
410030 545008
309777 703458
940038 509818
18732 843803
292094 69713
896516 206436
728201 345162
982330 201696
19387 807781
787396 214753
624381 40858
4144 46346
660567 629855
512025 902619
638570 355015
135519 529850
142010 56175
860900 947764
495940 33911
400080 337641
58432 876319
829286 243038
771952 342336
169195 244794
203596 489145
829171 875188
993088 440327
960407 813917
439213 286714
755771 785440
304131 401644
902733 662339
290869 887448
923270 431286
697936 677412
22643 849479
135438 946359
698588 936299
823673 154741
626462 225310
627774 965524
473249 382492
200214 257306
508836 355366
848680 483918
66263 746566
293514 625410
391419 512884
908045 567710
685031 536484
921594 281045
477946 65597
391981 309376
685086 302483
307930 320180
100389 898054
475571 552630
163425 761914
187598 204917
907828 30097
668543 201373
418910 816296
38437 606471
994711 899209
998265 506401
51228 708539
902828 336783
337196 961570
862857 578588
841050 104428
220053 781651
711795 654164
539515 840739
717470 495371
584130 706931
834657 711761
113371 124824
343749 553116
266996 107914
914836 805484
828781 367847
369161 8306
52141 723860
158132 55314
969051 305077
660502 988188
333511 482516
735357 232449
570452 913082
491077 14953
594117 700617
933271 651923
731444 221696
531833 634427
508100 456952
332679 384131
205979 137655
194311 62300
245116 531149
290928 677824
850409 116999
30453 504950
175369 508419
549760 31473
105925 663572
271834 272129
14502 512413
257501 620875
394685 935247
370277 427603
902726 803382
611174 205533
632872 518664
494376 19877
514326 831270
748131 692600
830387 518423
468615 835861
965995 948751
886918 923446
115566 265714
209248 753073
411202 177725
597311 416812
459903 568574
618775 856208
577225 207795
484882 740459
746440 826085
592573 999840
4820 57056
728482 789023
934936 840637
994825 430966
238467 116038
289620 907763
580974 680181
280893 66163
2427 122773
735590 672716
302230 77157
301355 851244
397662 26283
265966 983407
775753 220004
917077 577212
566132 315081
276386 692286
201484 748115
825442 833646
802211 630465
695495 667848
666600 161069
556549 226996
171012 760157
519992 521270
465470 265699
891237 517435
410557 90191
516237 707498
177134 932770
869656 57227
55762 364604
766162 517400
995522 368560
344056 651819
546845 817450
669831 696333
69858 984256
144164 10987
202927 704694
29842 115631
91289 156973
668204 785162
624264 561478
770098 945497
301456 715805
360843 527401
556447 328079
273709 227473
425627 742
131344 99701
676959 885470
941409 703344
748620 15428
789816 605144
9872 542410
584454 561318
942398 366390
956704 547979
78786 381382
148091 778634
829796 950425
574590 154340
528684 304342
142076 206056
403809 782184
956874 296908
724486 832560
672916 744877
608698 759552
757077 150745
438647 320231
858085 942680
314053 215559
919082 49319
95124 669760
436270 792856
380140 875277
752103 607642
111401 902851
453032 12776
295873 806217
794897 137272
698675 965164
471255 819554
11907 972421
187050 693556
367610 74136
365531 710067
254145 234749
713447 780696
200902 959838
83901 894224
477944 591030
477471 977356
572119 130445
360850 509565
609097 506680
218860 234216
124120 261206
909507 525912
737296 896953
321672 879879
434609 706799
221809 299373
44554 614083
246341 674745
752639 983452
874835 962775
81864 592369
941495 607918
653200 377028
341675 912888
840746 831732
871070 434770
921798 544223
641501 835175
930764 652476
365556 444830
327448 829571
460581 730541
881165 756325
241232 300844
50800 307854
13364 688895
623824 942314
696717 226539
501913 473102
606005 739220
203484 74587
782106 30866
815140 457055
334735 129981
675557 705765
115090 334370
932191 716939
686442 810324
433412 839663
990995 931437
182354 141060
689529 818002
753834 307557
835263 992622
329871 501369
546558 972886
573799 797192
510826 37265
68145 225838
125038 561675
533147 489646
469354 146869
344164 750850
382442 979959
409793 586696
278398 110828
213397 762100
207185 51569
201272 679786
396238 175534
230997 406913
80440 536848
366931 783955
724301 211127
319928 785125
758428 998520
62146 87695
283755 799741
851873 692002
165319 513336
974705 234720
397311 361981
186398 673341
958381 577662
869516 19471
431811 35696
937675 13876
355164 465252
101193 954424
968836 892227
685823 237451
739590 98397
353889 128307
493958 576267
791531 881399
750062 799580
399732 971394
317171 172349
179485 84928
581300 602144
877356 700753
738575 833361
980415 61591
439211 563177
629039 353784
356926 699247
277035 394153
503449 643051
376756 896937
731569 263343
157333 377939
224898 714200
520138 205566
305654 612794
980078 281223
956247 465523
343164 781797
952160 314717
235711 860560
517533 136504
643516 680696
247043 133783
536726 649467
774772 565925
660778 755775
451624 327359
757945 476772
458251 669469
867149 508213
978089 549742
588209 597467
114553 701594
16893 179865
628294 132567
722747 792978
513033 949208
423503 985889
681414 572571
843728 418216
800843 32367
525421 397910
523574 231717
29389 131803
82150 11850
587480 974438
804647 441366
903247 660663
573725 286468
517349 392913
787005 469897
690133 678837
275670 596998
92814 918545
364786 727101
969062 308742
179087 509060
599967 453540
958837 836155
456864 387649
737347 810682
364789 503366
942094 238872
224926 312623
190223 560734
246139 543256
878704 580284
669920 123175
162533 830034
702154 863964
112227 347912
113331 918574
799270 244356
349679 304253
339146 984378
676413 79236
572307 618263
538191 975341
354244 332309
952926 757738
882864 340523
576283 792848
154563 230447
148477 212922
672238 276306
942632 576254
647777 850116
84019 619537
540771 52987
25460 965045
587540 186889
175240 980060
420590 413918
699469 178098
319764 241963
715341 810558
329782 431836
661950 791918
674614 672113
116839 432301
596873 317294
292336 244802
487733 663657
785137 940623
75462 348656
537371 493672
246368 741398
490359 865391
609202 889511
624700 555033
889952 43678
943730 118261
81342 662407
222395 204625
983355 777182
664930 229187
550452 112830
996289 838992
426556 142529
551780 308787
904919 351423
552980 180318
170964 491334
499744 601152
461345 255008
691011 374679
408596 885317
852910 586632
641644 62871
577643 277288
22370 2873
130339 111903
705749 240627
759944 771093
186268 634428
592516 394126
253835 288557
461305 430962
758656 287171
443617 504504
143220 489149
69731 650707
142076 139164
446985 85818
216043 628078
182769 658113
898380 923269
435788 238743
959331 954302
761397 702829
984664 502789
295691 79582
210169 255781
30957 50483
986817 565739
747624 795725
432443 680132
921795 524189
928619 212889
757149 777877
695591 27088
907304 541752
496730 366711
120365 813338
264887 743392
900667 330065
56431 182354
117021 57730
891851 815583
464536 502389
7645 753674
25730 297689
341417 645622
775748 791445
846248 376332
59003 199848
707453 520958
608073 403707
544260 780350
262121 979725
713035 767336
811438 454463
640704 43011
696802 1847
118537 210628
634351 929214
107629 712829
124789 472979
135614 562697
784926 133755
638006 386221
85142 10584
307538 439811
911103 971006
942251 550296
48961 154593
797058 650708
556921 545223
117375 25552
974053 173014
763436 201682
600551 608275
773523 702279
211642 974696
511413 899627
169065 674232
129719 660057
798243 642261
488970 410674
770941 592525
635239 235644
699403 270022
674587 694863
196665 143491
215207 357491
851563 992984
599030 467404
333283 330263
134591 66158
679943 663369
263709 69466
652150 527653
418625 317161
819763 829303
173769 781377
779723 728258
488298 319553
249109 119706
836715 802775
3146 344115
943012 57072
859908 701575
418526 19150
237135 843514
942104 673134
835126 307647
530228 984964
837280 173656
885147 9054
264311 450841
777918 510116
552022 299045
701883 945227
551988 317230
411144 147829
772258 877012
477873 662728
848336 485423
513110 647825
693035 367365
674341 44555
870865 343294
868263 218507
458769 919642
565802 741682
640865 777714
319291 624635
989765 910904
319169 123636
364785 258920
668969 220639
609119 329305
410348 281229
91658 694068
91438 38690
583851 995903
897828 284275
871840 304679
351155 866338
82126 715589
546356 561352
878247 541121
439851 398172
36297 924692
628556 499941
12259 172870
403595 534126
487217 917940
928505 463788
845571 843199
833756 238859
689701 211520
734803 530320
412509 883267
109538 16688
650327 76610
371809 773425
781797 609587
371262 553756
284526 677733
443543 812593
160838 639501
680401 136664
660738 34785
245638 418993
171720 130577
265953 589747
889357 222610
847359 789432
71180 82805
121046 358120
853601 840050
526059 699903
641223 658324
952624 260015
110843 121101
460233 460820
404185 82840
800755 943897
401651 256548
442328 275545
525142 841370
877880 942912
675465 173847
643864 225284
855450 930984
387766 686550
429094 593831
286471 926356
926492 924364
450487 774860
516886 601926
998499 606576
381155 753526
171015 585810
105745 793446
527641 384940
420214 586200
972208 176017
449974 605678
809023 251241
120569 794893
214915 131056
503860 441869
264338 639659
179541 983278
214688 384481
802214 438554
128078 356422
172535 763037
615646 773318
732119 635301
846425 747354
937321 373054
897241 328564
972721 673781
922125 839768
878653 89041
704350 254311
336298 520564
739238 403764
297096 132956
445605 688419
72671 497165
613635 99773
137151 802891
617927 167106
168267 693675
117401 967246
520946 654279
697521 401709
961645 687303
231523 301668
601170 338437
505394 767610
933325 449639
829212 889158
460008 408840
960342 979625
457123 184219
152919 290016
769947 400605
744923 1963
275401 716538
790432 646822
604754 186028
763798 689214
7003 425835
667615 738465
88606 210427
521701 718924
595518 979027
951283 828735
131363 919419
502067 293973
891554 620846
95237 488568
916863 212428
210880 533756
992431 56747
847180 574287
624120 384750
806665 554528
240166 732503
784509 294108
981655 344077
359818 386179
572743 901796
662515 975077
830296 851802
40828 787078
705716 838730
863299 698790
865333 227972
618686 816817
160751 417872
270098 641046
445696 810009
554387 755667
700 580021
666939 185457
338567 622150
969366 197551
153677 212796
148955 384191
470288 48725
72084 734983
711133 106090
285408 400778
844902 161830
876717 495810
775091 876735
717872 238427
25321 768128
507024 310182
552185 181830
227718 281905
293233 443552
116795 484920
651429 758382
294127 539270
874501 375422
506243 494126
166845 842959
827780 735867
816178 832968
10595 925030
943921 674727
250031 787461
505363 187103
597459 104834
169269 511804
2868 579911
600443 904249
981224 976764
574653 14951
53389 363062
240695 15709
186238 213273
769002 329364
628162 82606
931291 216326
687058 442510
172969 175143
269384 969660
351736 974086
259566 200920
585544 912715
379005 126446
609330 89486
924410 303230
399772 926317
951826 713454
555641 312718
89796 522682
984868 674438
779247 198808
74055 269359
897483 434192
269220 422988
412659 578385
810678 330662
295926 995177
364041 77309
983511 921103
638520 475724
608594 824559
753950 280480
857103 249484
269635 959607
491187 705989
399385 527948
61784 986792
264499 235939
654097 295189
108930 849486
543658 236511
987965 457005
758163 441003
790913 348452
34942 537497
716766 604051
309406 405587
182194 877201
4098 943967
492422 527956
958207 705688
797868 211010
367938 987085
872150 952195
960019 309306
683665 550648
99758 26219
153146 443501
249289 911201
972628 992943
348428 902090
132325 6849
949899 690954
534305 901384
656277 247322
196616 608572
711553 33599
724415 972757
206548 683978
664558 232517
204013 523098
512042 998459
437116 541684
518486 48292
983121 297904
483485 438793
792276 353495
97268 294651
763617 798974
106986 33204
426797 746087
149381 677700
287790 781439
247115 608123
193747 237298
698827 695418
303492 151652
928180 603520
553613 961192
36385 376769
197605 901330
406692 653600
765806 890501
747546 291280
944117 761293
723497 373414
915506 22487
872701 74613
505430 743254
404384 372900
295628 224759
641972 693059
147304 639751
375267 344598
733703 813744
493667 578028
144405 563214
599351 830001
591913 627322
66363 669090
154040 503916
19402 543126
761922 953272
597216 753820
156054 874384
121441 817132
734930 194220
860325 880223
815173 757895
1576 491660
64363 680969
926033 42556
784413 682096
269635 306236
957927 112118
106715 924334
752535 152495
509990 536792
670615 921958
965613 365220
180269 514526
351676 76369
517949 12080
227142 983411
165858 536318
480780 59713
851777 555112
131196 723062
168768 476843
113961 955876
50526 836805
173661 422340
441756 411691
496184 875832
84827 140693
339228 708105
572313 803437
854052 973710
920046 953762
82426 791376
171687 756937
831375 868134
173873 517362
929733 245961
778952 999885
674540 693665
895152 115276
468410 726197
17760 827440
334598 326923
876257 191558
476811 490538
754789 499433
777173 576773
164170 477911
235508 908619
354865 96251
459567 512094
676863 413255
662313 512862
50766 500877
318878 149466
869233 973713
950821 513531
945654 603994
87865 738388
68009 645787
342319 955709
368271 146844
189447 711857
451832 162237
711597 701981
577024 232551
966877 991097
761781 609044
461535 536607
903820 699225
500980 50529
261296 375086
142400 542302
812161 969886
794612 980777
358539 27789
228537 794726
908596 852447
166696 846365
175262 930222
615626 184920
884572 682469
725720 624670
443439 817763
439552 558123
541315 816093
149116 228083
807819 380007
566129 246966
516728 641882
999941 335866
786301 175598
983111 104272
326755 858411
262894 300356
303092 251428
468104 926319
690472 270233
560513 600634
43541 968995
536737 16860
682222 474974
438766 779571
978786 749155
26888 496580
820274 205570
355118 715317
370342 193563
666415 444569
514324 969502
204451 421760
10606 419955
657558 393985
822131 621344
217871 952710
993395 617677
389575 165086
438955 395014
215238 666407
859458 324380
176283 780304
530214 316454
771599 582988
82577 770650
234169 943226
150396 469619
663438 245343
253453 109020
83099 865417
284387 686045
146045 637502
351548 987277
917924 228807
170757 231290
869606 949332
427352 427034
748850 180554
873332 82001
623686 659021
888480 987974
902198 402616
596487 899106
50439 727323
498255 109838
560036 161035
227790 512038
421903 788940
116334 585570
966748 755520
219188 251349
950999 347955
17007 900708
180319 656468
411016 777922
655501 449870
993505 775584
951553 884231
427382 675376
347428 529169
775705 714539
305444 661374
851930 556118
147757 620702
989909 718210
828553 173237
5175 511618
334413 715565
218995 717925
314380 370121
189809 532177
786692 788518
140588 492288
821128 742768
736504 904729
83957 630468
252034 175840
864790 990622
82966 530811
551719 31844
278962 300865
696421 891301
36297 561231
751964 479778
108240 399084
268143 195955
808489 603778
371538 84893
627264 865284
274839 728749
574362 57326
732689 301150
713257 825333
765442 681749
744192 764239
217803 243426
889774 631668
887133 76824
351080 246305
922042 520632
575518 121667
369915 668042
968324 470033
884007 521115
616044 955424
486842 650948
879714 110217
146605 178477
119477 969302
574519 341955
38501 456149
717189 384388
611577 350375
675358 91982
901609 387983
930671 478580
576355 712767
607430 597458
132408 345549
668311 585759
716152 197363
837984 357215
323681 495645
380915 756019
371667 889426
63148 503799
790716 339570
835041 57286
643583 547627
524235 784707
920558 233295
566948 505593
561990 573086
287713 191516
864784 654173
25884 954148
47204 773810
86476 355262
583160 796937
237063 488043
251943 408751
95323 379172
6677 345728
824980 271545
338781 847350
378877 463225
609896 285709
643139 614365
173718 70745
372302 617801
401375 958231
786029 171610
413179 596324
3996 473261
931591 997768
893509 138526
66847 875082
182418 112383
155803 676972
617818 583447
653227 376731
57787 212164
170881 791959
725104 277592
171543 492333
63331 783301
102055 776854
621737 514167
407682 272577
778667 290222
352909 817130
577617 173574
770738 484047
28213 188396
49355 977263
355910 35396
276050 403606
58599 542761
231235 489311
840365 6713
709890 287166
303383 372112
134778 108972
185451 744688
206673 110074
210070 943046
384422 738272
645436 948634
916036 235657
409040 473475
206443 964952
887904 566941
17246 300494
95458 820409
681433 637173
727996 979137
744127 971733
614583 979678
709222 697865
492364 603168
560344 937821
232316 728214
669359 272666
394400 38434
606650 626244
870219 72063
912418 469461
208262 622208
67861 409951
788871 333496
804752 850497
56501 36635
439135 870035
356670 80672
289497 724998
454215 901620
488840 336085
490935 941797
84669 3453
764586 813843
945368 477566
941003 519947
459343 172743
135851 82040
580365 645726
280484 282291
773558 657620
199952 263260
686570 609347
93965 186790
5806 536780
811247 592904
844312 295469
731412 109511
609696 417878
324956 51471
955808 267514
781855 334084
510581 440710
90911 350920
512482 955429
738451 296301
175198 892774
920115 953851
575049 445700
13680 141215
537855 721047
704430 936236
105645 324178
835427 987808
328052 112413
520995 839483
222045 486297
593344 690292
713507 104557
454081 746332
778847 546542
545426 921457
265351 448454
792047 406164
644018 587283
580605 629152
909196 4045
991649 211869
122605 580636
860981 823780
774325 218199
408066 434738
87224 122950
368800 837983
479119 985540
996511 173857
340876 540158
541142 463057
525787 872511
958488 931569
880041 75444
982204 928945
949167 50264
555671 993137
484566 460946
506085 710125
811533 200392
694507 734884
540063 348158
552080 223330
922145 804469
132862 895086
811218 502282
150084 520555
780818 658339
508906 989298
887174 55744
737617 970194
28835 144817
834136 302140
693205 51446
224898 37536
869317 484863
758903 514472
880559 54249
204993 267314
8764 968910
83139 419738
835789 696718
64230 598613
507672 272877
972965 42661
555565 470182
788767 928104
920493 170459
722321 918534
266249 259668
386715 244728
791643 556337
109480 159424
399016 74283
178456 515324
725127 269300
259742 229274
224331 5107
271004 975033
852460 499712
275436 456349
368266 668464
64252 693801
147111 549859
300463 248699
450165 676887
815587 339955
989825 26471
89301 958544
336448 419424
135904 864132
936051 824724
435941 261990
126105 594178
837285 712452
994361 886030
34894 616714
963288 756484
534470 849285
979195 676620
520682 805399
492919 521304
218761 722167
379779 55519
333435 125545
923550 765996
455415 281668
481326 871180
398491 88016
718971 229786
958024 75119
650150 90538
206260 370457
768374 921133
291514 747074
40106 935788
250811 174416
659892 398568
971145 123431
321861 932210
604053 650833
322630 575563
486259 513343
168201 437151
366504 895272
264074 874740
138111 567024
207338 708144
208241 559175
24661 730212
625619 667414
98935 927812
323800 360100
66715 903437
259157 375337
621730 306151
460943 894153
761298 187942
930807 396467
509526 5187
687308 512125
578471 475266
643667 403811
276883 787940
604615 459411
515036 607640
274586 893375
816094 947598
516213 670098
322919 209545
894885 560465
535301 361625
440060 849125
226095 533053
361164 870307
891843 30885
37232 481935
59176 603133
319617 577556
331677 16289
636899 377265
946307 538256
243549 317528
993662 630213
983351 473845
592661 957861
574469 915719
564070 520945
975899 931172
453270 866736
691907 32019
75784 514004
521133 478727
695943 423859
108614 58966
362874 877880
924495 659731
846917 95913
457904 66822
770360 232682
247384 383186
123846 745467
297174 567702
746095 918508
764564 317759
104787 398965
89134 321929
336994 212369
304821 743066
994601 665077
230661 487840
146985 458792
743572 224543
525035 400916
298958 367804
388064 327766
123906 660242
715515 70219
831740 985148
193184 684655
215130 809280
30326 284096
774270 419618
666958 637215
966722 916465
46362 455447
542276 447067
971371 47995
648645 397237
865682 875666
324763 384500
574100 398839
639103 555556
791882 820875
590667 317130
297079 976700
698370 517601
50152 825025
795731 322056
359660 627178
821960 562120
197501 202033
308056 189146
875372 802122
934394 949381
844469 154681
847109 183652
546855 464326
40382 188182
572176 854870
176615 806232
691409 498427
925315 849790
914765 826855
732728 610728
289053 860062
658213 999223
707848 714125
205686 186618
322765 101563
706467 40900
610735 638492
617681 602712
207612 751468
382985 571456
249299 836594
934016 415756
785156 897103
380999 560000
726838 415784
954236 6106
401232 684946
427112 70072
421847 772736
303672 908417
638316 789004
991212 384705
277301 819948
181759 388509
931319 726396
763812 923451
230468 720566
662985 121250
391741 681415
822673 860925
343584 253119
135042 522256
736105 960391
290112 803812
590675 844089
324357 295031
134213 388556
378941 478878
133615 232793
44343 108645
949521 799030
824361 29174
762778 266822
912979 234706
699906 722135
548370 191919
625611 169273
327117 536648
586630 44957
838871 907753
219803 936194
155417 212142
428961 319757
423718 313405
337690 44087
889117 948997
390283 24036
763682 733096
883447 968425
86486 101236
420614 646596
941303 337136
733466 710581
948792 191975
895185 305809
675226 357741
400998 874932
561294 703298
602561 849217
521913 890530
168637 368996
738479 866377
38977 576757
981602 929074
324430 246838
382615 331469
20907 725132
998890 823355
506479 986459
842018 443616
606925 426468
907169 850128
276191 308324
493864 968221
687891 123287
328780 4142
343025 849870
400685 65059
93070 831642
310748 701077
434218 851415
960043 195704
891910 488229
487120 880859
901799 427663
693063 488415
793548 732284
465691 519244
292552 912397
659817 95999
255277 74680
798161 619501
614359 501088
317481 138950
715234 644863
106305 765188
652006 325418
652672 779410
630299 314630
875268 593975
28929 777969
60055 337595
600237 522734
579121 139885
704470 255202
414607 487355
782249 553047
54759 980147
970343 145447
702895 379525
900780 923655
577532 119280
607244 607911
592018 23771
144631 803626
806928 867140
137675 987137
541912 371694
857014 717731
945585 747302
661941 475794
70435 988330
997018 654428
816499 740790
751024 904721
994193 764172
580718 915105
295892 7334
906521 859038
409699 835985
783791 525808
32216 714249
537319 193916
95972 487058
801336 554208
539320 797304
701948 413139
570788 222079
942101 442545
61866 386083
384523 795521
68532 520302
488663 439696
323380 478503
268263 26021
415527 809912
47848 209097
938833 964920
799571 265503
280668 493840
455820 104460
34891 689921
739893 545864
495163 803708
230985 519966
290964 675579
284703 506623
906123 525813
536301 669115
855985 60204
256534 613651
52788 149414
143319 222492
502696 769434
25085 944540
65687 253140
577558 150216
590700 801610
984837 202662
245667 836346
577152 881974
450061 384467
967844 873682
130454 51979
290157 581287
296373 849415
562404 587530
615605 417847
425763 234580
920161 343203
23858 704134
148090 257921
416390 860352
772296 505686
600958 673615
31590 362084
70213 633372
194452 41975
224158 271127
740454 320979
525891 81201
644418 859110
581885 872543
673647 623918
981405 194739
914842 464748
602621 901597
549456 946382
56640 350183
873926 387424
890617 208581
354016 255171
252344 180446
397114 896373
514024 907310
716134 718634
368863 981948
508497 52797
404464 640729
88512 451659
712228 155221
452712 626423
160885 610020
242311 154592
915310 317021
367541 566360
611550 332027
47436 436799
335040 612
889696 485430
360840 66841
874441 272122
539451 521029
847398 95176
295914 653685
373467 130998
958761 983237
342110 869684
365576 718294
236415 823199
633794 163078
550710 927910
440818 914148
36577 627417
985165 255945
355417 130729
615184 812751
684861 545817
230269 276545
411421 403732
996480 307626
404660 343565
497616 298543
397782 713850
340445 335352
34215 295830
10488 798453
289519 614342
718383 383699
858639 230545
77060 668235
874717 734538
286074 697400
213325 82799
860841 177333
793505 927542
523413 621800
700034 396909
216159 541261
147902 354142
962093 963104
946813 228082
151764 633301
99725 826610
621235 487695
12104 113230
980449 422349
975014 701258
861475 411773
74671 214659
554959 37444
348287 35857
828123 197595
867530 577966
760677 949144
1236 37274
368904 817947
853216 353808
49908 894980
758159 651724
969836 543951
532181 948821
917599 755332
310633 348855
472431 942975
235248 138310
265518 489010
575801 368641
881141 514098
497062 716917
757039 668470
399153 655908
996290 871993
541461 589045
231445 641368
789274 611104
837537 547710
861630 808725
517603 995419
515477 605998
601684 71064
662790 675399
77139 321346
23389 176445
628945 966146
670445 962880
71966 613973
700686 887434
495239 559404
76112 107276
792252 265208
179057 605888
743465 125789
206507 200431
297963 623066
522090 930885
10660 432107
620050 234145
381622 464130
917038 442568
181293 100410
255759 619661
778941 353615
588773 415416
466324 569713
739331 775308
80644 92779
746345 591458
629359 434020
930508 406830
573219 26672
38044 463786
312444 437887
32070 81674
288584 631558
551434 825590
721774 498554
401615 185375
446884 734047
573047 205938
949552 987359
352418 110899
585105 379565
854788 2460
869608 455866
287331 704931
892150 66130
580240 620100
460166 192275
812294 573904
99047 766686
684810 143808
49377 814786
979699 164346
10603 922038
35313 132210
379718 673383
475155 284534
821725 87328
763062 250502
881597 523625
665017 279589
46717 149983
958611 438761
11995 336810
258894 77372
470308 22376
941405 140942
441095 372291
949121 692832
664902 187234
906089 223638
502668 597653
850589 900807
593518 368979
56600 106387
855940 305857
837523 716910
815465 282932
659568 362396
601847 284964
998180 553743
667360 549689
191300 198764
54410 358898
991993 700720
485854 845678
118296 57468
80357 861123
41579 916585
105743 175080
966895 490929
564103 201134
904305 881678
753210 347059
522362 863790
208251 527701
672366 881967
374349 926200
366195 406359
422446 405076
63360 969354
885464 376225
659201 2781
789513 590674
776961 968279
96881 832968
261328 716240
72263 950315
124551 274128
481267 117065
119653 110513
7636 961583
876304 408867
13441 857656
899184 142867
935426 203071
65437 348261
329562 617789
381155 246609
180795 298036
106053 869885
373996 122475
572729 715677
365274 929108
210522 766536
471811 657971
264450 910691
58162 207821
777759 73632
442092 403558
202039 989481
970991 301054
60448 627212
822776 386175
882925 96212
844577 834873
779237 693357
69664 298194
740965 70328
904559 940929
777331 253775
688227 97376
907626 915781
299383 229786
704492 166114
478391 394647
453100 872391
890157 532863
485609 785757
744011 887400
966004 315767
859210 655721
769106 137702
645377 976632
890229 327552
689873 749855
617976 474434
328000 212508
442085 990043
326816 224380
461970 750546
77019 631641
576975 100295
640038 727100
348476 591973
777068 875257
532506 645924
579126 582145
303680 558374
630110 224497
330672 829396
477259 34632
512350 41457
186120 845763
299188 584644
575479 197302
516146 977476
831661 939821
478649 794453
398829 739285
853491 480083
569469 862768
922623 272144
341169 516882
842653 978275
42044 209904
971614 53183
910696 948922
544227 808897
517648 531835
927844 352741
677763 283021
78911 451543
108150 326830
853551 763082
799811 436835
510528 939251
3967 261223
885458 54999
296009 436646
321090 531975
594353 827347
223202 278528
662520 34822
870892 41925
995386 777892
629336 516688
207420 830625
750097 247386
224286 610921
135964 177281
462647 320337
990577 76119
954895 444743
228514 583787
557386 626206
38920 281489
85118 465644
997595 859983
985475 704122
368251 578968
767815 801916
535961 177264
484116 589103
722899 776000
623460 779299
45577 470721
645768 32066
624433 625587
266789 761310
136082 301207
159738 321269
845792 794181
941059 22431
680170 171257
325064 989832
714077 134764
422371 168797
734229 582109
912966 7071
720570 94971
61595 431376
54413 701690
10638 791220
725807 790682
337297 516305
226094 145407
372894 481299
494408 100065
587729 325812
978206 310301
352126 88297
495692 276216
983466 52476
575040 277489
427848 714323
11898 413531
413449 663163
87625 804334
615013 783630
866671 787280
732711 793581
112575 738635
393136 1876
199249 383246
469976 575181
274160 365927
20896 368833
305572 431671
642133 952308
348159 794644
612860 202868
536980 922922
43115 538153
928680 265812
701512 924844
744829 601349
470698 189814
830000 784847
55035 34451
848568 989304
802036 731896
824866 323747
347906 329603
781423 8356
200944 532391
516446 826262
762912 108594
553789 583640
623922 10805
553369 577111
796403 732479
336340 686492
449510 684554
612076 725796
742609 592013
688072 606938
776094 67915
408697 29953
438499 244969
534366 60966
621144 431808
302087 973956
420636 969276
672756 721496
165211 45802
415413 483326
591862 231481
187902 63298
972971 806344
101118 643170
964535 762970
289677 28417
955414 316426
186707 385664
419925 469184
82370 74280
674090 868073
568902 748822
733012 779023
259578 349095
619825 926909
468239 647930
522016 597503
32715 862573
596166 384077
130262 618894
162071 183828
122317 411785
654817 962297
371243 186648
181058 646268
88407 800957
109919 817920
167655 806974
717504 256406
354307 196980
869332 146447
565412 835471
497783 313497
157785 62100
229908 408830
457157 906945
615144 355859
776749 193707
224763 333773
87030 324718
341789 179293
738112 67614
207775 218013
387195 478094
110335 834083
208834 48526
791085 246947
525909 278195
461996 975960
38932 466665
597576 288146
926551 910654
613433 586478
290855 192013
656684 569395
381992 441075
46393 495376
153430 611617
80881 363338
20071 705195
802721 881151
258408 81394
912678 244272
446938 573926
562644 436607
926241 647669
397090 249674
750091 801405
619290 796365
172151 530375
986901 490303
20989 485145
26348 993894
66517 628978
964703 285653
893873 771501
948012 228975
102667 976193
151050 998985
305991 810381
714985 838504
315248 775663
220050 370215
177874 855552
348952 100792
691083 218055
649858 83599
347374 897182
946015 574880
544746 661859
156041 215070
662278 209607
738707 520180
77754 349279
5259 118815
887137 113044
66496 868794
475210 745503
574261 315624
801464 983167
293496 282724
960082 402175
942478 508163
885572 849558
131747 797981
870283 52019
690149 711322
926097 159298
712329 794027
564693 56990
928170 421083
913007 623497
768824 613292
453294 525713
411441 863009
555099 758826
685404 918341
848335 285700
888821 554927
573498 804286
336939 114987
478694 38283
704300 245649
587769 384313
408766 749363
758675 865871
134732 56314
106031 40198
91845 594815
572604 483283
732721 115407
50793 276662
539054 885076
73128 279915
134773 596823
126121 849624
534801 603480
680964 948792
428634 118158
719203 563421
858867 260823
753676 660152
51052 55513
471260 753462
364530 953477
306458 84949
195206 536139
725925 326611
486344 618948
404952 704061
530492 148050
151468 178845
790730 116105
191433 914587
156085 223777
262893 297255
98603 881729
904260 577805
418597 193936
588833 700020
327368 827088
85714 443893
185225 839577
623273 892569
42319 151604
167549 661597
282761 876868
743845 864199
452398 625700
713678 355057
142921 568291
765108 885449
634811 39522
178263 280394
664420 676001
475972 28154
190478 602188
471425 126567
837768 188087
3547 734263
326738 870081
14230 107388
345522 551110
781391 680118
343809 343844
310438 24925
908826 425949
345647 190694
203354 387962
787173 714753
699737 229567
90147 683042
208515 86807
407108 530109
396396 309320
184241 925487
789034 256010
156251 945070
160692 687326
545333 716305
310209 651250
449973 382743
271768 800357
117126 365167
244024 452269
155721 615012
355555 885368
740395 517253
717315 487323
722204 312547
154593 236077
390167 351524
375267 943029
108527 563446
487974 739205
359314 895567
272729 507095
954880 726513
454885 455820
918565 986760
533314 653282
300334 437973
471071 404419
382069 119513
867039 960693
393329 506410
43239 604787
233092 488427
92793 36279
190596 680768
890679 811436
591548 583780
823826 86366
371884 834663
217759 445531
244306 385973
803657 849270
780351 377133
739623 540636
855326 143433
164329 631678
502344 866267
921562 625174
555298 40053
661333 782589
345055 731068
475307 152040
133245 248286
128265 289546
353721 655991
136208 649033
68091 208463
892075 893551
821983 775592
667312 566556
994386 741638
516837 328678
858176 784658
804860 222562
784863 811405
117476 642431
84480 532777
771113 727210
656476 563759
528675 980902
774637 419659
935100 702892
9529 436346
929504 475856
234845 751234
890513 794045
727421 662388
714702 218775
467972 475332
738180 613340
10177 163828
826656 993758
288302 425294
306357 710208
227856 60694
577269 471895
801481 772942
925829 320697
602489 148835
601185 528109
840541 20198
129893 762429
869598 288257
216912 410287
114593 61300
181846 359722
550242 761585
27145 639952
875266 886455
728256 586499
963906 464966
179384 21195
364863 159135
186512 736553
890485 34910
648194 22439
601402 978089
245321 108455
414359 186168
686959 522604
616966 625148
69958 764193
358631 71177
290396 144510
988271 580337
276068 658506
723121 921769
954117 403466
189072 767643
782795 784612
954603 676167
670272 315128
394089 273523
857294 670217
335397 360704
351641 170964
862735 191060
262539 881648
969730 21116
361238 171204
430907 494551
501022 342704
743269 144277
963221 612664
579281 12698
930584 659845
111627 839099
564703 704619
990341 687930
388205 188855
478891 295446
550520 636809
992985 40228
716302 172639
573036 311308
975626 869686
986585 501733
674840 502710
736707 571553
105368 52187
643677 677035
307430 283729
601024 843400
998259 827265
595884 496967
246718 288877
627191 667406
643687 827986
108020 650565
434649 718965
760735 709418
567277 518645
742684 441271
705398 344499
119320 592395
75361 438389
716867 272888
896067 4839
927174 51076
60970 847984
20254 942799
619371 570402
126088 996438
245408 792144
31233 174567
17035 9585
13082 173289
544430 185883
66229 484794
754254 896765
627903 587402
603392 129536
399014 72494
671922 180350
571087 601471
728180 124289
520771 207450
121244 616947
753596 858783
687413 523682
358718 793365
694286 740825
518518 832747
305796 780617
125202 390067
265139 829312
283751 236686
182697 183160
388343 176803
383605 546338
958005 425827
386188 732564
558254 251261
832149 839785
929605 569646
726181 918030
916046 793978
490207 973774
770543 529337
881124 755562
970617 199333
104437 527754
434542 193349
618841 483722
848982 639785
487687 465950
318510 709182
196925 417393
136061 681175
672302 573461
753083 343466
851420 547763
393801 722349
488611 410091
881615 656634
135155 9890
936956 659549
793090 373158
609152 122599
993313 553296
808556 228049
145693 933108
156414 713768
342734 548713
631671 256503
696594 921148
742640 693166
766801 920910
770546 714619
342179 852477
444633 122583
777327 987344
864670 177171
781372 323375
439021 914144
511288 566534
911320 956540
328156 763057
310559 478365
977335 613641
500528 777262
420464 135670
406620 493518
280229 120555
171212 628796
531663 772471
295270 282585
193034 642196
334632 478165
893162 129829
175573 196557
718137 794234
778383 248421
542349 708621
67686 419130
612055 720009
168698 437158
68993 395221
791028 817106
159572 504290
139778 686243
392423 967819
155711 974965
550826 480467
446255 661495
129565 900177
800962 142667
307195 426341
841724 300744
860859 948717
756881 567917
231549 152497
475713 199407
25064 832948
213341 746137
61328 245224
99783 794471
439001 918270
12757 356686
43583 160423
479120 785144
641403 172800
983155 983296
813269 2431
552690 987815
176428 89320
711685 977785
247849 886717
242571 276837
897116 534201
49900 732010
313311 182767
279779 272992
858612 272178
514345 478034
561398 228810
484876 640669
99432 145791
273573 57988
669582 642435
258107 257659
671587 772984
845422 228631
72624 669467
64136 302542
254437 144814
379562 773281
856500 757206
936458 236865
377777 875172
437249 928110
978632 472366
874572 882145
689217 518671
426313 319616
949964 746511
11134 329684
734467 991004
856131 871379
704443 267065
344853 530327
160328 920161
951914 871071
362679 974919
396500 626412
650179 510278
495623 12553
565089 255627
720635 578823
588898 494265
506807 384939
339307 478793
4127 548670
299478 736180
968288 11912
261537 651712
834413 53816
926913 862557
528831 213298
803951 821552
654343 647968
156510 566703
38096 96096
903086 706241
123680 261807
578929 210835
661949 232267
368801 363490
838674 908007
147270 726848
883831 272434
700741 45836
203191 609430
410943 436187
718132 349063
883069 23937
816070 593863
706046 149367
944424 518838
318564 311265
732822 385920
787289 724427
625327 863481
563990 831295
833304 180248
120602 314845
122375 18056
215689 353809
78274 581930
700238 280117
656915 8667
301404 241180
271754 352165
758873 10356
722132 713051
424614 875957
253257 895872
468176 630875
980431 334404
613014 852612
853901 783191
446587 784448
9981 729536
875946 404331
105309 265741
782996 249929
818914 644031
716182 47471
802768 330862
671077 40100
924901 775195
816243 814140
884148 505097
396234 643696
390968 631697
553788 837266
797630 166975
546109 850452
199099 590408
415952 258862
75650 148030
796757 539637
128754 48383
878159 190328
459581 364434
153613 287499
586612 23320
45966 627520
483682 350676
367877 624912
832215 532086
794885 197819
307475 904879
19105 79488
315271 812267
587435 404384
753100 361415
705454 760950
410645 311250
381361 989771
337766 702359
809193 322157
488254 287421
970436 577129
1907 973418
661949 831485
270115 460846
934673 539396
628923 840561
627726 39820
110786 564353
400373 377222
113067 76397
203262 927966
697704 621313
266883 988914
103381 341719
277307 987420
953209 922025
235248 89312
4045 817226
364692 94639
819648 262013
347116 384345
767410 377869
317216 109951
334189 24885
677118 277940
851427 662677
479702 144683
519342 978345
353171 493832
775832 764480
703629 978214
353355 849711
273968 116994
783269 567053
249089 453743
795528 493718
138982 384974
317581 201527
464520 90875
759677 870545
729107 236471
693361 735358
957489 89923
33068 846924
535389 248469
619947 723640
343322 818436
642147 828617
629211 9439
728754 100442
132987 981544
275732 824026
908051 626306
698771 991250
622512 74034
552103 510853
10561 802032
84401 579882
56212 454043
731066 513223
408369 869895
737991 669182
800049 271951
200465 938456
929940 154165
124132 279003
593682 42394
155956 383940
813820 722380
647769 66700
460911 577111
940727 429841
78980 805528
346357 659113
584583 173772
953010 589056
225499 24982
165070 631477
93081 682675
938403 92322
479963 998647
938935 749399
354329 578418
332016 452027
799098 348927
62838 379193
374105 492733
889765 596715
642407 815840
591976 425066
689412 322798
949625 292383
490525 212378
555052 817142
692408 620968
710830 668851
830275 245501
14228 916516
835873 718157
524387 930364
577632 324583
447422 691426
724137 510535
175108 403850
299858 375391
408188 273164
161018 593262
838032 527919
675596 330719
107323 818676
790683 534973
861295 702462
70076 549822
690357 198172
669965 417536
795138 959613
5300 514527
529740 256709
23924 156740
804098 981709
25964 895910
556141 100354
277138 243496
570689 19043
825010 343233
81722 60536
335250 874635
561799 321055
400550 726981
498397 588369
739908 131799
311568 462055
494757 301699
95014 812444
867789 188142
469457 48648
464514 755010
307101 296253
742930 618257
911523 712042
267577 578215
482891 769859
824426 396248
214312 138702
30415 149023
713278 835628
229465 925734
174198 798488
850610 645549
84462 349175
242594 596021
635792 228244
968291 117479
620988 410099
594648 208504
792412 604379
306079 403198
724245 220163
766204 700312
854897 164395
37128 548263
777576 590657
999026 507450
277013 582880
720795 464488
523814 371340
383329 339899
709747 127520
328877 196788
767839 301339
990665 130266
909081 95018
657459 967392
975282 404752
228287 769938
60149 116533
829116 918587
113720 775602
555013 350380
359635 11134
89323 868047
812875 767736
379382 394025
370181 988811
706017 223265
902014 12252
592419 711126
663573 548757
395186 686249
509296 459305
978919 620964
832893 318767
583091 991122
162806 685896
141395 513661
416739 140539
37495 469600
536582 790581
73344 480747
190803 25251
307627 420600
448928 350455
402993 507523
860978 731548
665936 162446
402376 241384
111504 592430
441849 908152
716466 44061
378514 230366
845052 623139
427427 163543
24992 538614
559219 505153
275126 850265
832418 100365
238857 742693
380557 381856
40312 23975
99341 624485
37257 800388
791792 480201
814107 224547
670650 61313
134021 616238
191156 195532
786823 603964
225276 784274
484680 315110
458723 854709
505259 896454
557239 762786
21203 102790
545809 398192
822667 399388
643080 854139
550776 98082
299697 231247
211449 758280
844743 935135
519218 153986
797222 119858
348443 530679
860130 356344
137591 103621
46406 923337
581184 957541
260987 689357
962269 849715
162375 932734
954348 971998
9165 127620
855701 904656
898545 100020
205598 29473
675086 647428
185659 639650
313337 417114
117268 886482
255566 393288
576338 98566
739725 166168
803871 29537
963686 128028
699669 151579
964912 843014
611515 174877
445054 594983
309795 559651
274340 32359
730389 839641
837622 482359
641945 384723
505460 939255
472390 315728
517627 79783
440198 667388
340210 825700
331729 743181
299312 625430
261189 748795
960886 529401
611118 582876
966103 832619
414764 919652
232253 332406
639015 30378
151071 21398
810265 976246
265657 986336
948356 355732
471844 244920
500706 962615
417166 567181
40458 805263
989984 546790
641988 206605
859012 845021
312301 773064
813760 678618
651833 541792
512212 303349
52929 601643
464226 197849
948961 50900
31775 741001
254989 957300
323268 913769
721359 180159
930037 121230
345854 191497
817727 990948
940329 820901
743827 315211
531811 336300
758321 484802
541186 778093
501438 428855
393691 780624
104778 790780
175174 329392
565558 942802
350885 644467
366184 561505
98434 393200
155254 793264
706578 87830
816453 520986
577412 183667
1874 717134
523016 873894
115696 400168
759124 270791
635693 836192
549577 846982
732659 631846
598309 554602
977102 15487
545220 48905
800355 807550
709355 24533
249450 797204
841644 437898
628943 320442
532454 246310
545000 540994
620431 306739
971696 564033
498418 385662
67633 355824
301052 814403
375106 403119
482502 700465
918378 51389
375390 387140
739397 235642
654793 531090
68993 329685
65766 621159
365047 82475
861840 309907
316158 901537
612195 144055
798283 226460
33913 938745
403125 451282
623236 488253
77983 431528
242449 431093
634450 106990
341183 86340
861637 225352
878590 103053
944964 713942
425907 442940
163128 679969
231669 981749
485937 984355
237075 99711
16831 201753
615450 253785
331481 250367
702741 875473
225514 172259
516062 502139
609101 811977
49897 229097
97713 609495
160571 909712
204099 982886
191863 396628
148829 531405
207883 105111
274604 599912
560954 75323
321130 329805
435432 97748
947437 476448
334784 804472
758252 163825
552051 793279
233374 307772
183338 213923
127798 665157
976704 948492
393115 856826
452738 225848
819928 922090
727276 786517
68164 789887
775247 743849
398466 824578
405407 25273
444341 90581
567849 800793
816697 951591
559723 331167
989234 689718
665117 568313
69584 789003
112901 973700
300811 383257
621387 805230
971070 151427
267380 218039
118026 79515
992445 345727
693740 685430
643868 957621
387529 263212
90164 845603
524021 151893
236145 4934
